Player,GP,MIN,PTS,FGA,FG%,3PA,3P%,REB,AST,TO,STL,BLK,Close FGA,Close FG%,Mid FGA,Mid FG%,Post_Ups,Drives,CS_3PA,CS_3P%,PP100Pos,AST %,REB %,USG %
Aaron Gordon,62.0,32.5,14.4,12.4,43.7,3.8,30.8,7.7,3.7,1.6,0.8,0.6,6.3,58.7,2.2,25.0,3.2,4.8,2.6,32.5,21.4,16.5,11.4,20.5
Aaron Holiday,66.0,24.5,9.5,8.5,41.4,3.3,39.4,2.4,3.4,1.3,0.8,0.2,3.8,47.4,1.4,34.0,0.0,7.6,2.0,42.2,18.5,18.8,4.6,18.2
Al Horford,67.0,30.2,11.9,10.6,45.0,4.2,35.0,6.8,4.0,1.2,0.8,0.9,4.1,53.7,2.3,44.6,4.3,1.4,4.0,35.1,18.8,18.7,11.1,17.3
Al-Farouq Aminu,18.0,21.1,4.3,4.8,29.1,2.0,25.0,4.8,1.2,0.9,1.0,0.4,2.5,32.0,0.3,33.3,1.0,2.3,1.8,24.2,9.8,8.8,10.2,12.7
Alec Burks,66.0,26.6,15.0,11.6,41.8,4.6,38.5,4.3,2.9,1.4,0.9,0.3,4.9,44.9,2.2,41.3,0.4,6.6,2.0,37.7,26.6,17.9,7.7,23.0
Andre Drummond,57.0,33.0,17.7,13.8,53.3,0.6,14.3,15.2,2.7,3.6,1.9,1.6,12.8,55.5,0.3,27.8,4.7,3.5,0.5,13.3,26.1,13.3,22.9,25.3
Andrew Wiggins,54.0,34.4,21.8,18.1,44.7,6.2,33.2,5.1,3.7,2.4,0.8,1.0,9.4,55.3,2.5,33.8,1.0,14.1,3.6,35.2,29.3,18.0,7.0,26.9
Anfernee Simons,70.0,20.7,8.3,7.7,39.9,3.2,33.2,2.2,1.4,0.9,0.4,0.1,2.9,44.8,1.5,42.1,0.0,3.7,2.0,33.6,18.6,9.8,4.7,18.0
Anthony Davis,62.0,34.4,26.1,17.7,50.3,3.5,33.0,9.3,3.2,2.5,1.5,2.3,10.1,62.4,4.1,34.9,8.8,3.6,3.1,34.4,35.5,15.3,13.1,28.4
Aron Baynes,42.0,22.2,11.5,9.1,48.0,4.0,35.1,5.6,1.6,1.2,0.2,0.5,4.7,61.7,0.4,29.4,1.2,0.5,3.9,35.0,24.1,10.8,12.6,20.5
Austin Rivers,68.0,23.4,8.8,7.4,42.1,4.0,35.6,2.6,1.7,0.7,0.7,0.1,3.2,50.0,0.1,37.5,0.0,5.3,2.4,36.4,17.0,9.8,5.1,15.3
Avery Bradley,49.0,24.2,8.6,7.8,44.4,3.5,36.4,2.3,1.3,1.0,0.9,0.1,2.3,56.5,2.0,44.0,0.0,1.8,3.1,36.4,16.6,7.0,4.7,15.3
Bam Adebayo,72.0,33.6,15.9,11.0,55.7,0.2,14.3,10.2,5.1,2.8,1.1,1.3,9.4,61.7,1.3,22.3,3.2,4.4,0.1,11.1,23.1,23.8,15.3,21.2
Ben McLemore,71.0,22.8,10.1,7.7,44.4,6.4,40.0,2.2,0.8,0.7,0.6,0.2,1.3,61.5,0.0,100.0,0.0,1.1,5.5,40.2,20.1,5.0,4.5,15.7
Ben Simmons,57.0,35.4,16.4,11.4,58.0,0.1,28.6,7.8,8.0,3.5,2.1,0.6,11.0,59.1,0.3,25.0,3.6,11.9,0.1,50.0,22.1,33.5,10.7,20.6
Blake Griffin,18.0,28.5,15.5,13.9,35.2,6.2,24.3,4.7,3.3,2.2,0.4,0.4,6.9,46.4,0.8,20.0,4.1,6.2,2.1,23.7,26.6,18.4,7.9,27.7
Bobby Portis,66.0,21.1,10.1,8.9,45.0,2.8,35.8,5.1,1.5,1.1,0.5,0.3,4.1,56.1,2.0,38.6,3.0,1.7,2.7,35.6,22.6,11.2,11.4,20.7
Bogdan Bogdanovic,61.0,28.9,15.1,12.6,44.0,7.2,37.2,3.4,3.4,1.7,1.0,0.2,3.7,56.8,1.7,49.5,0.3,6.7,5.0,40.7,25.3,18.4,5.8,22.1
Bojan Bogdanovic,63.0,33.1,20.2,14.8,44.7,7.3,41.4,4.1,2.1,2.5,0.5,0.1,6.5,50.8,1.1,27.9,1.0,9.1,5.0,42.6,29.5,9.9,6.2,25.2
Bradley Beal,57.0,36.0,30.5,22.9,45.5,8.4,35.3,4.2,6.1,3.4,1.2,0.4,9.7,55.7,4.8,41.3,0.5,16.1,4.4,38.2,39.3,28.5,5.8,33.8
Brandon Clarke,58.0,22.4,12.1,8.3,61.8,1.1,35.9,5.9,1.4,0.9,0.6,0.8,6.6,68.2,0.6,32.4,0.5,1.5,1.1,36.5,24.4,9.2,12.4,18.0
Brandon Ingram,62.0,33.9,23.8,17.7,46.3,6.2,39.1,6.1,4.2,3.0,1.0,0.6,7.6,53.9,3.9,43.2,1.2,12.7,4.8,42.0,32.0,19.2,8.4,27.5
Brook Lopez,68.0,26.7,12.0,9.9,43.5,4.8,31.4,4.6,1.5,1.0,0.7,2.4,4.5,55.6,0.7,53.3,2.8,1.3,4.5,31.5,20.1,7.3,7.7,18.1
Bruce Brown,58.0,28.2,8.9,7.7,44.3,1.7,34.4,4.7,4.0,1.7,1.1,0.5,5.8,48.3,0.2,30.8,0.1,8.5,1.5,35.6,15.5,20.8,8.4,15.9
Bryn Forbes,63.0,25.1,11.2,9.2,41.7,6.0,38.8,2.0,1.7,0.9,0.5,0.0,1.6,50.0,1.6,43.9,0.0,2.8,4.5,39.5,21.4,9.7,3.9,18.5
Buddy Hield,72.0,30.8,19.2,16.1,42.9,9.6,39.4,4.6,3.0,2.3,0.9,0.2,3.8,52.6,2.9,39.8,0.0,5.3,5.0,41.3,29.6,15.3,7.4,26.3
CJ McCollum,70.0,36.5,22.2,19.4,45.1,7.3,37.9,4.2,4.4,1.8,0.8,0.6,7.6,50.0,4.4,48.9,0.0,10.6,3.4,46.0,28.8,18.5,5.4,25.7
Cam Reddish,58.0,26.7,10.5,9.6,38.4,4.3,33.2,3.7,1.5,1.7,1.1,0.5,3.9,46.2,1.3,35.5,0.0,5.0,3.4,34.4,18.0,7.9,6.5,18.5
Cameron Johnson,57.0,22.0,8.8,7.1,43.5,4.8,39.0,3.3,1.2,0.6,0.6,0.4,1.7,52.9,0.6,38.9,0.0,1.3,4.5,39.3,18.6,7.8,7.2,15.1
Cameron Payne,8.0,22.9,10.9,8.5,48.5,3.6,51.7,3.9,3.0,1.4,1.0,0.3,3.5,51.4,1.5,33.3,0.0,5.3,3.0,45.8,21.9,18.2,8.1,18.2
Caris LeVert,45.0,29.6,18.7,16.3,42.5,4.9,36.4,4.2,4.4,2.6,1.2,0.2,9.8,48.0,1.6,31.5,0.6,15.0,1.7,31.6,29.7,24.2,6.5,28.4
Carmelo Anthony,58.0,32.8,15.4,13.5,43.0,3.9,38.5,6.3,1.5,1.7,0.8,0.5,4.6,50.0,5.0,39.9,5.6,1.7,3.3,40.2,22.5,6.3,9.2,21.4
Cedi Osman,65.0,29.4,11.0,9.4,43.7,4.9,38.3,3.6,2.4,1.4,0.8,0.2,3.8,52.6,0.6,35.0,0.2,5.3,3.8,38.8,18.0,11.5,6.0,16.2
Chris Paul,70.0,31.5,17.6,12.7,48.9,4.3,36.5,5.0,6.7,2.3,1.6,0.2,4.2,54.8,4.2,54.0,0.5,12.8,0.7,42.3,26.6,32.4,8.0,22.8
Christian Wood,62.0,21.4,13.1,8.2,56.7,2.3,38.6,6.3,1.0,1.4,0.5,0.9,5.4,64.8,0.5,43.8,1.1,2.3,1.8,40.4,29.4,7.4,14.7,22.3
Clint Capela,39.0,32.8,13.9,9.9,62.9,0.0,0.0,13.8,1.2,1.6,0.8,1.8,9.8,63.3,0.1,25.0,0.6,0.2,0.0,0.0,19.5,5.6,19.1,15.6
Coby White,65.0,25.8,13.2,12.2,39.4,5.8,35.4,3.5,2.7,1.7,0.8,0.1,4.7,44.7,1.7,33.6,0.0,7.0,3.7,37.0,24.0,16.2,6.7,23.5
Cody Zeller,58.0,23.1,11.1,8.3,52.4,1.3,24.0,7.1,1.5,1.3,0.7,0.4,6.9,58.0,0.1,60.0,0.9,2.9,1.2,23.9,23.6,11.1,15.1,20.1
Collin Sexton,65.0,33.0,20.8,16.7,47.2,3.9,38.0,3.1,3.0,2.4,1.0,0.1,10.3,52.4,2.5,40.7,0.1,13.9,2.2,42.1,30.1,14.6,4.8,26.4
Cory Joseph,72.0,24.4,6.4,5.7,41.5,2.2,35.2,2.6,3.5,1.1,0.7,0.3,2.3,52.2,1.2,37.2,0.1,5.3,1.7,39.0,12.6,19.9,5.3,12.7
D'Angelo Russell,45.0,32.3,23.1,18.8,42.6,9.6,36.7,3.9,6.3,3.3,1.1,0.3,5.3,49.1,3.9,48.6,0.3,9.0,3.8,39.1,32.8,32.7,5.7,30.5
D.J. Augustin,57.0,24.9,10.5,8.1,39.9,3.5,34.8,2.1,4.6,1.5,0.6,0.0,3.3,45.5,1.2,36.6,0.0,9.3,1.6,41.6,20.2,28.1,4.1,18.4
Damian Lillard,66.0,37.5,30.0,20.4,46.3,10.2,40.1,4.3,8.0,2.9,1.1,0.3,8.0,55.0,2.2,44.5,0.1,15.2,2.2,40.3,37.6,33.5,5.3,29.4
Damion Lee,49.0,29.0,12.7,10.4,41.7,4.9,35.6,4.9,2.7,1.4,1.0,0.1,3.8,50.0,1.8,40.7,0.1,5.5,4.1,37.4,20.3,13.9,8.1,18.4
Daniel Theis,65.0,24.1,9.2,6.6,56.6,1.5,33.3,6.6,1.7,0.8,0.6,1.3,4.6,65.2,0.5,50.0,0.2,0.4,1.4,34.4,18.5,10.4,12.9,14.4
Danilo Gallinari,62.0,29.6,18.7,13.2,43.8,7.1,40.5,5.2,1.9,1.2,0.7,0.1,3.5,51.4,2.7,43.4,3.2,3.8,5.5,41.8,30.6,9.9,9.0,24.2
Danny Green,68.0,24.8,8.0,7.0,41.6,4.8,36.7,3.3,1.3,0.9,1.3,0.5,1.6,62.5,0.6,32.5,0.0,1.6,4.0,36.9,15.1,6.9,6.5,13.5
Danuel House Jr.,63.0,30.4,10.5,8.6,42.7,5.6,36.3,4.2,1.3,0.9,1.1,0.5,2.7,55.6,0.3,31.3,0.0,2.8,4.7,36.5,15.9,6.1,6.4,13.5
Dario Saric,66.0,24.7,10.7,8.2,47.6,3.6,35.7,6.2,1.9,1.3,0.6,0.2,3.8,60.5,0.8,47.1,1.5,2.0,3.4,35.6,20.3,10.5,12.3,17.4
Darius Garland,59.0,30.9,12.3,11.8,40.1,5.0,35.5,1.9,3.9,2.6,0.7,0.1,4.6,43.5,2.3,42.6,0.1,11.0,2.6,39.2,19.0,18.2,3.0,20.1
Davis Bertans,54.0,29.3,15.4,11.3,43.4,8.7,42.4,4.5,1.7,1.1,0.7,0.6,1.9,52.6,0.7,36.1,0.1,1.9,7.4,43.1,23.9,8.1,7.4,18.3
De'Aaron Fox,51.0,32.0,21.1,16.0,48.0,3.6,29.2,3.8,6.8,3.1,1.5,0.5,10.5,55.2,1.8,44.1,0.1,18.3,1.5,33.3,30.9,33.6,5.9,29.0
De'Andre Hunter,63.0,32.0,12.3,10.8,41.0,4.8,35.5,4.5,1.8,1.6,0.7,0.3,4.4,45.5,1.6,44.7,0.3,6.2,4.1,38.6,17.8,7.9,6.8,17.3
DeAndre Jordan,56.0,22.0,8.3,5.1,66.6,0.0,0.0,10.0,1.9,1.3,0.3,0.9,5.1,66.7,0.1,33.3,0.3,0.1,0.0,0.0,17.5,13.2,20.2,13.6
DeAndre' Bembry,43.0,21.3,5.8,5.3,45.6,1.5,23.1,3.5,1.9,1.4,1.3,0.4,3.7,54.1,0.1,16.7,0.0,4.5,1.3,24.6,12.4,13.0,7.7,13.7
DeMar DeRozan,68.0,34.1,22.1,15.4,53.1,0.5,25.7,5.5,5.6,2.4,1.0,0.3,9.5,58.9,5.4,45.9,1.6,19.8,0.4,25.9,31.0,26.1,8.0,26.2
Deandre Ayton,38.0,32.5,18.2,14.9,54.6,0.3,23.1,11.5,1.9,2.1,0.7,1.5,11.0,60.9,3.7,36.7,6.2,0.5,0.3,20.0,26.3,9.1,17.4,23.1
Dejounte Murray,66.0,25.6,10.9,9.7,46.2,1.7,36.9,5.8,4.1,1.9,1.7,0.3,5.1,49.0,2.9,46.3,0.1,8.7,1.4,41.1,20.2,23.2,11.2,20.7
Delon Wright,73.0,21.5,6.9,5.6,46.2,1.7,37.0,3.8,3.3,1.0,1.2,0.3,3.7,51.4,0.2,31.3,0.0,7.0,1.2,36.0,15.2,21.5,8.2,14.0
Dennis Schroder,65.0,30.8,18.9,14.8,46.9,5.0,38.5,3.6,4.0,2.6,0.7,0.2,6.1,52.5,3.7,48.1,0.0,11.7,3.6,41.4,29.1,22.2,5.6,26.2
Derrick Favors,51.0,24.4,9.0,6.6,61.7,0.1,14.3,9.8,1.6,1.1,0.6,0.9,5.9,66.1,0.5,35.7,1.0,0.2,0.1,20.0,17.0,8.7,18.5,13.5
Derrick Jones Jr.,59.0,23.3,8.5,5.9,52.7,2.2,28.0,3.9,1.1,0.5,1.0,0.6,3.6,69.4,0.1,28.6,0.0,1.3,2.0,28.2,17.5,6.8,8.3,13.5
Derrick Rose,50.0,26.0,18.1,15.1,49.0,2.9,30.6,2.4,5.6,2.5,0.8,0.3,9.2,56.5,2.9,44.9,0.0,17.6,0.9,42.2,32.8,37.3,4.6,30.3
Derrick White,68.0,24.7,11.3,8.1,45.8,3.2,36.6,3.3,3.5,1.3,0.6,0.9,4.0,55.0,0.9,34.4,0.0,7.9,2.1,39.0,21.2,20.3,6.4,18.3
Devin Booker,70.0,35.9,26.6,18.3,48.9,5.7,35.4,4.2,6.5,3.8,0.7,0.3,7.9,60.8,4.7,46.1,1.8,14.3,2.3,39.3,34.8,28.8,5.9,29.4
Devonte' Graham,63.0,35.1,18.2,15.3,38.2,9.3,37.3,3.4,7.5,2.9,1.0,0.2,4.3,41.9,1.7,35.2,0.0,10.6,3.3,42.2,25.5,34.5,4.7,24.3
Dillon Brooks,73.0,28.9,16.2,14.6,40.7,5.6,35.8,3.3,2.1,1.7,0.9,0.4,6.1,45.9,2.9,40.5,0.2,7.0,3.9,38.0,26.0,10.4,5.4,24.7
Dion Waiters,10.0,20.7,11.1,9.9,41.4,4.7,31.9,2.4,2.0,1.6,0.4,0.6,3.7,54.1,1.5,40.0,0.0,6.2,2.8,35.7,25.2,15.6,5.6,24.3
Domantas Sabonis,62.0,34.8,18.5,13.7,54.0,1.1,25.4,12.4,5.0,2.7,0.8,0.5,10.3,59.2,2.2,44.6,6.1,2.4,1.0,26.2,25.7,21.5,17.7,22.9
Donovan Mitchell,69.0,34.3,24.0,19.4,44.9,6.9,36.6,4.4,4.3,2.7,1.0,0.2,9.1,50.5,3.5,46.0,0.0,15.6,2.7,43.2,33.5,21.4,6.4,30.3
Donte DiVincenzo,66.0,23.0,9.2,7.7,45.5,3.7,33.6,4.8,2.3,1.4,1.3,0.3,3.4,58.8,0.6,48.7,0.0,3.4,2.7,35.2,18.0,13.4,9.3,16.8
Dorian Finney-Smith,71.0,29.9,9.5,7.4,46.6,4.3,37.6,5.7,1.6,1.0,0.6,0.5,2.9,58.6,0.2,30.8,0.1,3.0,3.8,38.8,15.4,7.3,9.0,12.8
Draymond Green,43.0,28.4,8.0,7.3,38.9,3.0,27.9,6.2,6.2,2.3,1.4,0.8,3.4,52.9,1.0,28.6,2.8,3.7,2.7,29.9,13.2,31.0,10.4,15.6
Duncan Robinson,73.0,29.7,13.5,9.4,47.0,8.3,44.6,3.2,1.4,1.0,0.5,0.3,0.9,77.8,0.2,26.7,0.0,1.0,6.8,46.0,21.9,6.8,5.4,15.7
Dwight Powell,40.0,26.5,9.4,5.7,63.8,1.0,25.6,5.7,1.5,0.9,0.9,0.6,4.6,76.1,0.1,0.0,0.1,1.7,0.9,27.8,17.1,7.6,10.2,12.6
Elfrid Payton,45.0,27.7,10.0,9.8,43.9,1.5,20.3,4.7,7.2,2.1,1.6,0.4,7.2,50.0,1.0,38.3,0.1,12.8,1.0,21.3,17.2,34.7,8.1,19.0
Eric Bledsoe,61.0,27.0,14.9,11.5,47.5,3.5,34.4,4.6,5.4,2.4,0.9,0.4,6.7,56.7,1.4,38.6,0.3,11.8,1.4,26.4,24.6,27.5,7.7,23.3
Eric Gordon,36.0,28.2,14.4,12.9,36.9,8.4,31.7,2.0,1.5,1.2,0.6,0.4,4.2,50.0,0.3,10.0,0.3,6.5,5.9,28.4,22.9,8.0,3.2,21.5
Eric Paschall,60.0,27.6,14.0,10.7,49.7,2.2,28.7,4.6,2.1,1.6,0.5,0.2,6.4,59.4,2.1,43.0,2.9,5.7,1.9,30.4,23.8,12.6,8.1,20.7
Evan Fournier,66.0,31.4,18.5,14.1,46.7,6.6,39.9,2.6,3.2,1.9,1.1,0.2,5.3,54.7,2.2,45.3,0.1,8.7,3.7,42.8,28.3,16.0,4.0,23.7
Frank Ntilikina,57.0,20.8,6.3,5.8,39.3,2.4,32.1,2.1,3.0,1.2,0.9,0.3,1.9,52.6,1.6,40.2,0.0,4.5,1.8,33.7,14.5,20.9,4.9,15.2
Fred VanVleet,54.0,35.7,17.6,14.3,41.3,6.9,39.0,3.8,6.6,2.2,1.9,0.3,6.3,46.0,1.1,31.1,0.0,14.3,3.9,44.0,23.4,28.1,5.0,21.8
Furkan Korkmaz,72.0,21.7,9.8,7.8,43.0,4.9,40.2,2.3,1.1,0.8,0.6,0.2,2.1,52.4,0.8,37.7,0.0,2.2,3.8,43.6,21.2,7.3,5.2,17.7
Garrett Temple,62.0,27.9,10.3,9.5,37.8,6.2,32.9,3.5,2.5,1.0,0.8,0.5,2.4,50.0,0.8,34.0,0.1,2.9,4.3,35.6,17.3,13.2,5.6,16.2
Gary Harris,56.0,31.8,10.4,9.3,42.0,3.8,33.3,2.9,2.1,1.1,1.4,0.3,4.5,48.9,1.0,43.9,0.0,5.5,2.6,36.7,16.0,9.1,4.6,15.0
Gary Trent Jr.,61.0,21.8,8.9,7.2,44.4,4.4,41.8,1.6,1.0,0.3,0.8,0.3,1.5,53.3,1.3,43.8,0.1,1.3,2.9,41.5,19.1,6.4,3.5,15.0
George Hill,59.0,21.5,9.4,6.4,51.6,3.0,46.0,3.0,3.1,1.0,0.8,0.1,2.9,58.6,0.5,37.5,0.1,4.2,1.6,50.0,19.9,19.6,6.3,15.2
Giannis Antetokounmpo,63.0,30.4,29.5,19.7,55.3,4.7,30.4,13.6,5.6,3.7,1.0,1.0,13.1,67.2,1.8,38.8,4.4,10.5,1.0,36.9,43.2,32.8,19.6,36.3
Glenn Robinson III,62.0,28.8,11.7,9.5,48.6,3.2,39.1,4.4,1.5,0.9,0.9,0.3,4.1,58.5,2.2,46.0,0.1,2.9,2.8,39.9,19.3,8.1,7.4,16.0
Goran Dragic,59.0,28.2,16.2,12.3,44.1,5.7,36.7,3.2,5.1,2.4,0.7,0.2,4.8,54.2,1.7,42.0,0.3,10.8,3.2,35.4,27.2,29.7,5.5,24.8
Gordon Hayward,52.0,33.5,17.5,13.5,50.0,4.3,38.3,6.7,4.1,1.8,0.7,0.4,6.4,57.8,2.8,49.3,0.3,9.7,2.9,42.5,24.5,17.8,9.6,20.6
Harrison Barnes,72.0,34.5,14.5,11.0,46.0,3.7,38.1,4.9,2.2,1.2,0.6,0.2,6.4,53.1,0.9,27.4,3.9,6.1,2.9,37.4,20.0,9.2,7.0,17.2
Hassan Whiteside,67.0,30.0,15.5,10.5,62.1,0.1,57.1,13.5,1.2,1.8,0.4,2.9,9.2,64.1,1.2,42.2,2.7,0.5,0.1,57.1,24.6,5.8,21.1,19.2
Ian Mahinmi,38.0,21.3,7.4,5.5,49.5,0.7,19.2,5.7,1.3,1.2,0.8,1.2,4.6,56.5,0.2,28.6,0.3,0.8,0.6,20.8,16.5,8.4,13.0,15.4
Isaiah Thomas,40.0,23.1,12.2,10.7,40.8,4.7,41.3,1.7,3.7,1.9,0.3,0.2,3.4,38.2,2.5,43.6,0.0,6.8,2.7,45.9,24.0,22.4,3.6,23.6
Ish Smith,68.0,26.3,10.9,10.1,44.7,2.5,36.7,3.2,4.9,1.4,0.9,0.4,4.8,52.1,2.9,40.5,0.0,10.7,1.6,37.6,19.0,26.6,5.7,18.6
JJ Redick,60.0,26.3,15.3,10.5,45.3,6.6,45.3,2.5,2.0,1.3,0.3,0.2,1.6,43.8,2.4,44.8,0.0,2.7,4.2,47.2,26.2,10.7,4.5,19.7
Ja Morant,67.0,31.0,17.8,14.0,47.7,2.7,33.5,3.9,7.3,3.3,0.9,0.3,10.2,52.9,1.1,38.7,0.0,19.4,1.0,39.1,26.6,35.4,5.9,25.6
JaMychal Green,63.0,20.7,6.8,5.6,42.9,3.8,38.7,6.2,0.8,0.9,0.5,0.4,1.7,52.9,0.2,41.7,0.4,0.5,3.6,38.8,15.1,5.1,13.4,13.2
Jabari Parker,38.0,24.2,14.0,11.3,51.0,3.1,26.9,5.6,1.8,1.7,1.2,0.4,7.1,64.8,1.1,27.5,1.2,3.5,2.6,27.6,26.4,11.0,11.6,23.3
Jae Crowder,65.0,28.8,10.5,8.7,40.1,6.1,34.3,5.9,2.5,1.1,1.1,0.4,2.0,60.0,0.5,38.2,0.3,1.3,4.2,32.2,17.0,11.7,9.8,15.2
Jake Layman,23.0,22.0,9.1,7.8,45.3,3.1,33.3,2.5,0.7,1.0,0.7,0.4,4.0,52.5,0.7,60.0,0.2,2.5,2.3,36.5,18.2,4.1,5.2,16.5
Jamal Murray,59.0,32.3,18.5,15.2,45.6,5.5,34.6,4.0,4.8,2.2,1.1,0.3,5.8,55.2,3.9,46.3,0.4,9.7,2.3,39.1,28.1,22.8,6.3,24.8
James Harden,68.0,36.5,34.3,22.3,44.4,12.4,35.5,6.6,7.5,4.5,1.8,0.9,9.6,55.2,0.3,50.0,0.8,17.6,1.3,41.2,43.9,36.6,8.3,35.6
Jaren Jackson Jr.,57.0,28.5,17.4,13.2,46.9,6.5,39.4,4.6,1.4,1.7,0.7,1.6,6.5,55.4,0.3,31.6,3.0,3.9,5.7,39.9,28.1,7.3,7.7,23.8
Jarrett Allen,70.0,26.5,11.1,6.6,64.9,0.1,0.0,9.6,1.6,1.1,0.6,1.3,6.5,66.2,0.1,40.0,0.2,0.3,0.1,0.0,19.8,8.6,16.7,14.8
Jarrett Culver,63.0,23.9,9.2,9.0,40.4,3.5,29.9,3.4,1.7,1.3,0.9,0.6,5.1,49.0,0.4,37.5,0.1,5.3,2.4,29.3,17.6,10.5,6.5,18.7
Jaylen Brown,57.0,33.9,20.3,15.6,48.1,5.9,38.2,6.4,2.1,2.2,1.1,0.4,7.9,57.0,1.8,42.0,1.1,8.5,4.1,41.9,29.0,9.5,9.0,24.5
Jayson Tatum,66.0,34.3,23.4,18.6,45.0,7.1,40.3,7.0,3.0,2.3,1.4,0.9,8.4,51.2,3.1,38.3,1.5,10.8,2.4,39.9,32.6,14.3,9.6,28.0
Jeff Teague,59.0,24.8,10.9,8.3,43.6,2.0,36.8,2.4,5.2,2.0,0.7,0.3,5.6,46.4,0.7,36.6,0.1,11.7,0.8,31.9,20.1,30.6,4.6,19.2
Jerami Grant,71.0,26.6,12.0,8.9,47.8,3.5,38.9,3.5,1.2,0.9,0.7,0.8,4.3,58.1,1.1,39.5,1.3,3.2,3.5,39.0,21.8,6.8,6.5,17.7
Jeremy Lamb,46.0,28.1,12.5,10.4,45.1,3.4,33.5,4.3,2.1,1.1,1.2,0.5,4.0,52.5,3.0,47.4,0.1,5.9,2.1,38.5,21.5,10.7,7.9,19.5
Jimmy Butler,58.0,33.8,19.9,13.1,45.5,2.1,24.4,6.7,6.0,2.2,1.8,0.6,8.1,55.6,2.9,31.7,3.1,15.5,0.8,28.9,28.7,28.3,9.8,24.6
Joe Harris,69.0,30.8,14.5,11.4,48.6,5.9,42.4,4.3,2.1,1.5,0.6,0.2,4.8,56.3,0.7,43.1,0.1,6.5,4.5,44.6,22.0,10.0,6.5,17.9
Joe Ingles,72.0,29.7,9.8,7.7,44.5,4.9,39.9,3.9,5.2,2.0,0.9,0.2,2.4,54.2,0.4,41.4,0.1,8.0,2.5,44.8,15.8,24.4,6.4,14.8
Joel Embiid,51.0,29.5,23.0,15.7,47.7,3.4,33.1,11.6,3.0,3.1,0.9,1.3,7.7,58.4,4.7,40.2,9.8,2.4,2.9,33.8,36.6,17.8,18.7,31.5
John Collins,41.0,33.2,21.6,14.8,58.3,3.6,40.1,10.1,1.5,1.8,0.8,1.6,10.1,67.3,1.1,37.8,1.7,2.4,3.3,42.5,29.9,7.5,14.4,22.4
Jonas Valanciunas,70.0,26.4,14.9,10.6,58.5,1.3,35.2,11.3,1.9,1.8,0.4,1.1,8.5,63.5,0.8,32.7,4.5,1.1,1.2,36.0,26.3,10.9,19.7,21.1
Jonathan Isaac,34.0,28.8,11.9,9.8,47.0,2.8,34.0,6.8,1.4,1.4,1.6,2.3,5.1,58.8,1.9,35.9,0.9,2.9,2.6,34.5,19.8,7.4,11.5,18.1
Jordan Clarkson,71.0,24.0,15.2,12.2,45.4,5.8,36.8,2.6,1.9,1.4,0.6,0.2,5.6,55.4,0.8,31.7,0.2,8.9,3.4,40.2,30.3,13.0,5.3,25.4
Jordan McRae,37.0,21.2,11.5,9.9,40.7,3.4,35.7,3.4,2.5,1.2,0.6,0.4,4.1,48.8,2.4,36.0,0.0,5.5,1.9,39.1,24.9,17.4,7.8,23.9
Jordan Poole,57.0,22.3,8.8,8.8,33.3,4.6,27.9,2.1,2.4,1.3,0.6,0.2,2.4,45.8,1.7,34.3,0.0,4.6,3.2,29.9,18.2,16.0,4.5,20.0
Josh Hart,65.0,27.0,10.1,8.2,42.3,5.4,34.2,6.5,1.7,1.2,1.0,0.4,2.4,66.7,0.3,15.8,0.1,2.7,4.6,35.6,17.1,8.4,11.3,15.0
Josh Okogie,62.0,25.0,8.6,6.4,42.7,2.5,26.6,4.3,1.6,1.4,1.1,0.4,3.9,53.8,0.1,20.0,0.0,4.6,2.1,26.6,15.6,8.9,8.1,14.8
Josh Richardson,55.0,30.8,13.7,11.7,43.0,4.5,34.1,3.2,2.9,1.9,0.9,0.7,4.5,48.9,2.7,48.0,0.1,8.0,3.4,34.6,21.3,13.8,4.9,20.0
Jrue Holiday,61.0,34.7,19.1,16.5,45.5,5.7,35.3,4.8,6.7,3.0,1.6,0.8,9.6,53.1,1.2,33.3,0.3,14.9,2.3,36.4,25.3,28.4,6.5,24.1
Juan Toscano-Anderson,13.0,20.9,5.3,4.8,46.0,1.8,34.8,4.0,2.0,1.2,1.0,0.4,2.9,55.2,0.2,0.0,0.2,3.2,1.7,36.4,12.2,14.4,9.3,12.5
Julius Randle,64.0,32.5,19.5,15.7,46.0,3.6,27.7,9.7,3.1,3.0,0.8,0.3,10.0,54.0,2.2,39.4,4.8,8.5,2.9,31.2,28.8,15.8,14.2,27.1
Justin Holiday,73.0,25.0,8.3,6.7,42.8,4.5,40.5,3.3,1.3,0.6,1.2,0.6,1.5,53.3,0.6,44.7,0.0,1.4,3.7,40.1,15.5,6.8,6.2,13.0
Justise Winslow,11.0,32.0,11.3,11.7,38.8,2.5,22.2,6.6,4.0,2.2,0.6,0.5,7.8,44.9,1.5,37.5,0.9,8.5,1.9,19.0,16.1,18.3,9.8,19.0
Jusuf Nurkic,8.0,31.6,17.6,13.6,49.5,1.3,20.0,10.3,4.0,2.4,1.4,2.0,11.2,56.3,1.3,20.0,5.4,1.0,1.0,25.0,26.2,17.9,16.2,23.2
Karl-Anthony Towns,35.0,33.9,26.5,17.8,50.8,7.9,41.2,10.8,4.4,3.1,0.9,1.2,8.6,62.8,1.3,28.9,7.9,4.1,5.9,42.5,35.6,21.0,15.5,27.8
Kawhi Leonard,57.0,32.4,27.1,19.9,47.0,5.7,37.8,7.1,4.9,2.6,1.8,0.6,8.5,56.5,5.7,42.9,4.6,13.4,2.7,40.4,39.8,25.5,10.3,32.7
Kelly Oubre Jr.,56.0,34.5,18.7,14.8,45.2,5.5,35.2,6.4,1.5,1.5,1.3,0.7,7.9,53.2,1.4,42.1,0.1,6.1,4.3,34.4,25.4,6.6,9.2,21.9
Kemba Walker,56.0,31.1,20.4,15.9,42.5,8.4,38.1,3.9,4.8,2.1,0.9,0.5,5.4,46.3,2.1,50.4,0.0,10.9,2.6,42.0,31.5,23.2,6.0,26.8
Kendrick Nunn,67.0,29.3,15.3,13.6,43.9,5.8,35.0,2.7,3.3,1.7,0.8,0.2,5.2,51.9,2.6,46.6,0.1,7.4,3.9,34.7,25.2,18.2,4.6,23.6
Kenrich Williams,39.0,21.3,3.5,3.8,34.7,2.5,25.8,4.8,1.5,0.6,0.7,0.5,1.2,58.3,0.1,25.0,0.0,1.4,2.3,26.7,7.6,8.7,10.4,8.7
Kent Bazemore,68.0,24.8,8.8,7.9,37.5,3.6,34.4,4.3,1.4,1.3,1.1,0.6,3.3,45.5,0.9,28.1,0.2,4.0,2.9,37.8,16.6,7.7,8.1,17.1
Kentavious Caldwell-Pope,69.0,25.5,9.3,7.3,46.7,3.5,38.5,2.1,1.6,0.9,0.8,0.2,2.6,61.5,1.3,43.7,0.0,2.4,3.0,39.0,17.1,8.5,3.8,14.2
Kevin Huerter,56.0,31.4,12.2,10.9,41.3,6.0,38.0,4.1,3.8,1.6,0.9,0.5,3.6,50.0,1.3,33.3,0.0,5.7,3.9,42.2,17.9,17.1,6.2,16.9
Kevin Love,56.0,31.8,17.6,13.0,45.0,7.0,37.4,9.8,3.2,2.5,0.6,0.3,3.3,54.5,2.7,52.0,6.8,1.3,5.3,39.5,26.5,15.0,15.5,22.5
Kevin Porter Jr.,50.0,23.2,10.0,8.4,44.2,3.2,33.5,3.2,2.2,1.9,0.9,0.3,3.8,57.9,1.4,29.2,0.1,5.1,1.6,40.7,20.6,14.7,6.8,20.2
Khris Middleton,62.0,29.9,20.9,15.3,49.7,5.7,41.5,6.2,4.3,2.2,0.9,0.1,4.7,57.4,4.8,52.7,2.2,5.5,2.9,45.2,31.5,21.2,9.4,26.0
Kris Dunn,51.0,24.9,7.3,6.7,44.4,2.2,25.9,3.6,3.4,1.3,2.0,0.3,4.2,57.1,0.4,16.7,0.1,7.0,1.9,26.3,14.0,19.8,7.3,14.5
Kristaps Porzingis,57.0,31.8,20.4,16.4,42.7,7.1,35.2,9.5,1.8,1.6,0.7,2.0,5.9,54.2,3.4,38.1,3.4,3.7,6.1,36.3,30.3,8.8,13.7,26.3
Ky Bowman,45.0,22.6,7.4,7.1,41.7,2.4,30.8,2.7,2.9,1.6,1.0,0.2,3.2,50.0,1.6,42.5,0.1,5.3,1.3,31.0,15.6,20.2,5.7,16.8
Kyle Kuzma,61.0,25.0,12.8,11.0,43.6,4.5,31.6,4.5,1.3,1.5,0.5,0.4,5.0,56.0,1.6,33.3,1.0,4.3,3.3,36.5,23.7,7.6,8.5,22.1
Kyle Lowry,58.0,36.2,19.4,13.8,41.6,8.0,35.2,5.0,7.5,3.1,1.4,0.4,4.5,55.6,1.3,37.7,0.1,9.6,3.6,34.1,25.2,30.9,6.6,22.5
Kyrie Irving,20.0,32.9,27.4,20.8,47.8,7.1,39.4,5.2,6.4,2.6,1.4,0.5,9.6,55.2,4.2,45.2,0.3,14.2,1.9,45.9,38.3,33.1,7.5,31.8
LaMarcus Aldridge,53.0,33.1,18.9,15.0,49.3,3.0,38.9,7.4,2.4,1.4,0.7,1.6,5.4,59.3,6.6,44.9,9.7,0.6,2.6,38.0,27.5,11.7,11.0,23.6
Landry Shamet,53.0,27.4,9.3,7.4,40.4,5.6,37.5,1.9,1.9,0.8,0.4,0.2,1.5,60.0,0.4,21.1,0.0,2.2,4.6,38.3,15.8,9.0,3.2,13.2
Langston Galloway,66.0,25.8,10.3,8.2,43.5,5.0,39.9,2.3,1.5,0.6,0.7,0.2,2.3,52.2,0.9,42.6,0.0,3.0,4.7,40.7,19.0,8.9,4.3,14.9
Larry Nance Jr.,56.0,26.3,10.1,7.7,53.1,2.8,35.2,7.3,2.2,1.1,1.0,0.4,4.0,67.5,0.9,42.9,1.4,1.2,2.5,37.6,18.4,12.6,13.6,15.0
Lauri Markkanen,50.0,29.8,14.7,11.8,42.5,6.3,34.4,6.3,1.5,1.6,0.8,0.5,5.0,54.0,0.4,28.6,1.0,4.1,6.0,34.4,23.3,7.7,10.4,20.9
LeBron James,67.0,34.6,25.3,19.4,49.3,6.3,34.8,7.8,10.2,3.9,1.2,0.5,10.2,62.7,3.0,34.3,3.9,14.1,2.2,38.5,34.6,47.7,11.0,30.8
Lonzo Ball,63.0,32.1,11.8,10.9,40.3,6.3,37.5,6.1,7.0,3.1,1.4,0.6,3.4,50.0,1.2,27.6,0.2,5.8,4.2,38.9,16.8,29.2,8.7,18.1
Lou Williams,65.0,28.7,18.2,14.4,41.8,4.8,35.2,3.1,5.6,2.8,0.7,0.2,5.8,48.3,3.7,40.1,0.0,11.1,2.1,40.9,28.9,29.4,4.9,27.1
Luguentz Dort,36.0,22.8,6.8,6.1,39.4,2.8,29.7,2.3,0.8,0.6,0.9,0.1,3.1,48.4,0.1,0.0,0.0,3.3,2.6,29.5,14.4,4.5,4.9,13.9
Luka Doncic,61.0,33.6,28.8,20.6,46.3,8.9,31.6,9.4,8.8,4.3,1.0,0.2,10.8,59.3,0.9,35.1,1.2,20.7,1.2,28.0,40.6,45.4,13.2,35.5
Luke Kennard,28.0,32.9,15.8,12.2,44.2,6.5,39.9,3.5,4.1,1.5,0.4,0.2,3.7,54.1,2.1,43.1,0.0,7.9,3.6,42.2,23.2,18.8,5.4,19.3
Malcolm Brogdon,54.0,30.9,16.5,13.8,43.8,4.3,32.6,4.9,7.1,2.4,0.6,0.2,6.2,48.4,3.3,49.7,0.3,14.2,1.4,36.0,26.0,35.0,7.8,24.9
Malik Beasley,55.0,22.0,11.2,9.7,42.5,5.0,38.8,2.7,1.4,1.0,0.7,0.1,3.4,50.0,1.2,44.8,0.0,3.8,3.5,40.5,23.6,9.3,5.9,20.8
Malik Monk,55.0,21.3,10.3,8.9,43.4,3.7,28.4,2.9,2.1,1.4,0.5,0.3,4.6,58.7,0.5,27.6,0.0,6.6,2.3,31.2,23.3,16.8,6.3,22.0
Marc Gasol,44.0,26.4,7.5,6.3,42.7,3.4,38.5,6.3,3.3,1.3,0.8,0.9,2.4,54.2,0.6,18.5,2.1,0.7,3.2,38.7,13.4,17.3,11.2,13.3
Marcus Morris Sr.,62.0,31.2,16.7,13.1,43.8,5.6,40.8,5.0,1.4,1.6,0.8,0.5,3.3,48.5,4.1,44.5,2.2,3.6,3.6,42.5,25.9,6.6,7.7,21.6
Marcus Smart,60.0,32.0,12.9,11.4,37.5,6.6,34.7,3.8,4.9,1.7,1.7,0.5,3.8,47.4,1.0,28.1,0.9,6.2,4.0,31.4,19.2,21.4,5.5,18.3
Markelle Fultz,72.0,27.7,12.1,10.7,46.5,1.9,26.7,3.3,5.1,2.0,1.3,0.2,6.5,53.8,2.4,41.6,0.3,12.0,1.3,26.7,20.8,27.3,5.8,21.0
Markieff Morris,58.0,20.5,9.7,7.9,44.3,3.9,38.6,3.8,1.3,1.3,0.5,0.3,2.8,57.1,1.1,39.1,1.9,1.8,3.4,40.7,22.3,10.0,8.9,20.2
Marquese Chriss,59.0,20.3,9.3,6.5,54.5,0.7,20.5,6.2,1.9,1.3,0.7,1.1,5.6,58.9,0.3,31.3,1.9,1.0,0.6,21.6,21.4,15.0,14.8,18.4
Marvin Bagley III,13.0,25.7,14.2,12.8,46.7,1.7,18.2,7.5,0.8,1.4,0.5,0.9,9.6,52.1,1.6,42.9,3.0,2.6,1.7,18.2,26.2,5.0,14.0,24.8
Maurice Harkless,62.0,23.0,5.8,4.6,50.2,1.6,34.7,3.9,1.1,0.9,0.9,0.5,2.8,57.1,0.2,45.5,0.3,1.9,1.5,33.3,11.6,6.2,7.9,10.5
Maxi Kleber,74.0,25.5,9.1,6.9,46.1,4.3,37.3,5.2,1.2,0.8,0.3,1.1,2.5,60.0,0.2,43.8,0.2,1.1,4.1,37.7,16.9,6.5,9.5,13.4
Meyers Leonard,51.0,20.3,6.1,4.6,50.9,2.5,41.4,5.1,1.1,0.8,0.3,0.3,1.8,72.2,0.2,18.2,0.6,0.7,2.3,41.0,14.7,7.5,12.6,12.1
Mikal Bridges,73.0,28.0,9.1,6.6,51.0,2.7,36.1,4.0,1.8,1.0,1.4,0.6,3.5,62.9,0.5,38.2,0.2,2.9,2.6,35.3,15.2,8.6,7.0,12.5
Mike Conley,47.0,29.0,14.4,12.1,40.9,5.4,37.5,3.2,4.4,2.0,0.8,0.1,5.2,44.2,1.4,43.9,0.0,12.7,2.5,42.0,23.6,23.6,5.4,22.3
Miles Bridges,65.0,30.7,13.0,11.6,42.4,4.6,33.0,5.6,1.8,1.5,0.6,0.7,6.3,49.2,0.6,35.0,1.7,5.5,3.8,32.9,20.9,9.2,8.8,19.6
Mitchell Robinson,61.0,23.2,9.7,5.6,74.2,0.0,0.0,7.0,0.6,0.6,0.9,2.0,5.6,75.0,0.0,50.0,0.2,0.1,0.0,0.0,20.0,3.9,14.1,12.9
Monte Morris,73.0,22.4,9.0,7.8,45.9,2.4,37.8,1.9,3.5,0.7,0.8,0.2,3.6,50.0,1.8,47.7,0.1,5.6,1.7,39.8,19.3,21.9,4.0,16.8
Montrezl Harrell,63.0,27.8,18.6,12.9,58.0,0.3,0.0,7.1,1.7,1.7,0.6,1.1,12.1,61.2,0.5,13.8,4.3,2.9,0.1,0.0,30.7,10.2,11.6,24.5
Mychal Mulder,7.0,29.1,11.0,9.6,38.8,7.4,30.8,3.3,1.1,0.7,0.3,0.1,1.8,61.1,0.4,66.7,0.3,2.0,7.1,30.0,18.3,5.3,5.7,16.5
Myles Turner,62.0,29.4,12.1,9.5,45.7,4.0,34.4,6.6,1.2,1.4,0.7,2.1,3.7,59.5,1.7,39.6,2.2,1.2,3.8,35.0,20.0,5.7,10.9,18.0
Nemanja Bjelica,72.0,27.9,11.5,9.1,48.1,4.4,41.9,6.4,2.8,1.4,0.9,0.6,4.1,56.1,0.5,35.9,2.6,3.3,3.8,40.9,19.8,14.1,11.5,16.7
Nicolas Batum,22.0,23.0,3.6,3.7,34.6,2.2,28.6,4.5,3.0,1.0,0.8,0.4,0.9,66.7,0.5,8.3,0.1,1.2,1.6,34.3,7.7,17.3,9.7,9.3
Nikola Jokic,73.0,32.0,19.9,14.7,52.8,3.5,31.4,9.7,7.0,3.1,1.2,0.6,8.0,65.0,3.1,45.6,8.1,3.2,2.9,32.5,30.8,35.0,15.5,26.6
Nikola Vucevic,62.0,32.2,19.6,16.7,47.7,4.7,33.9,10.9,3.6,1.4,0.9,0.8,9.2,56.5,2.8,41.7,8.1,1.7,4.6,34.0,29.2,18.2,16.7,25.8
Norman Powell,52.0,28.4,16.0,11.5,49.5,5.3,39.9,3.7,1.8,1.5,1.2,0.4,5.5,60.0,0.8,39.5,0.0,5.4,4.0,44.0,26.0,9.5,5.9,21.0
OG Anunoby,69.0,29.9,10.6,8.2,50.5,3.3,39.0,5.3,1.6,1.1,1.4,0.7,4.6,60.9,0.2,33.3,0.8,3.5,2.9,38.2,16.7,7.4,8.5,14.2
Otto Porter Jr.,14.0,23.6,11.9,10.0,44.3,4.4,38.7,3.4,1.8,0.8,1.1,0.4,4.0,55.0,1.6,36.4,0.2,4.6,3.2,42.2,23.7,11.3,7.0,20.1
P.J. Tucker,72.0,34.3,6.9,5.9,41.5,4.2,35.8,6.6,1.6,1.0,1.1,0.5,1.5,53.3,0.3,47.6,0.0,1.2,4.0,36.1,9.4,6.1,8.9,8.7
P.J. Washington,58.0,30.3,12.2,10.2,45.5,4.0,37.4,5.4,2.1,1.6,0.9,0.8,5.9,50.8,0.3,29.4,3.7,4.0,3.5,38.5,19.9,11.5,8.7,18.4
Pascal Siakam,60.0,35.2,22.9,18.4,45.3,6.1,35.9,7.3,3.5,2.5,1.0,0.9,9.8,54.1,2.6,31.4,3.9,10.0,3.2,36.1,30.6,16.1,9.8,27.8
Patrick Beverley,51.0,26.3,7.9,6.7,43.1,4.0,38.8,5.2,3.6,1.3,1.1,0.5,2.4,54.2,0.2,27.3,0.0,4.5,3.3,40.8,14.3,18.0,9.3,13.1
Patrick McCaw,37.0,24.5,4.6,4.4,41.4,1.9,32.4,2.3,2.1,0.8,1.1,0.1,2.0,50.0,0.5,38.9,0.0,2.8,1.6,36.2,8.8,11.8,4.5,9.3
Patty Mills,66.0,22.5,11.6,9.1,43.1,6.1,38.2,1.6,1.8,0.8,0.8,0.1,1.5,60.0,1.4,44.4,0.0,2.6,3.7,40.2,23.8,11.2,3.5,19.3
Paul George,48.0,29.6,21.5,16.3,43.9,7.9,41.2,5.7,3.9,2.6,1.4,0.4,5.0,52.0,3.4,37.2,1.4,8.3,4.4,41.4,34.2,20.5,9.1,29.2
Paul Millsap,51.0,24.3,11.6,8.6,48.2,2.4,43.5,5.7,1.6,1.4,0.9,0.6,5.0,54.0,1.1,36.4,2.2,2.7,2.2,46.4,23.4,9.3,11.8,19.7
RJ Barrett,56.0,30.4,14.3,13.0,40.2,3.5,32.0,5.0,2.6,2.2,1.0,0.3,8.0,46.3,1.5,27.1,0.8,9.8,2.9,33.8,22.4,12.7,7.8,23.4
Rajon Rondo,48.0,20.5,7.1,6.8,41.8,2.6,32.8,3.0,5.0,1.9,0.8,0.0,3.5,48.6,0.7,37.1,0.1,7.0,1.3,39.3,16.3,34.0,7.0,18.4
Reggie Bullock,29.0,23.6,8.1,7.7,40.2,3.8,33.3,2.3,1.4,0.7,0.9,0.1,1.9,57.9,1.9,41.1,0.0,1.5,3.2,33.7,16.4,8.7,4.9,15.3
Reggie Jackson,31.0,24.0,11.9,10.5,41.1,4.7,39.3,3.0,4.1,1.6,0.4,0.2,4.7,44.7,1.2,32.4,0.1,8.5,2.7,42.4,24.0,26.3,6.0,22.9
Richaun Holmes,44.0,28.2,12.3,7.8,64.8,0.0,0.0,8.1,1.0,1.2,0.9,1.3,7.2,66.7,0.6,48.0,1.0,0.6,0.0,0.0,21.2,5.0,14.5,15.6
Ricky Rubio,65.0,31.0,13.0,10.6,41.5,3.3,36.1,4.7,8.8,2.7,1.4,0.2,4.5,44.4,2.9,42.1,0.1,12.4,2.4,41.0,19.5,37.7,7.5,19.9
Robert Covington,70.0,30.5,12.4,10.3,42.2,6.9,33.5,6.6,1.3,1.5,1.6,1.3,3.1,61.3,0.3,43.5,0.0,2.8,6.1,33.0,18.9,5.9,10.2,16.9
Rodney Hood,21.0,29.5,11.0,8.2,50.6,3.4,49.3,3.4,1.5,0.9,0.8,0.2,3.0,53.3,1.9,51.3,1.1,3.6,2.2,55.3,17.3,6.8,5.4,13.7
Royce O'Neale,71.0,28.9,6.3,5.1,43.3,3.4,37.7,5.5,2.5,0.9,0.8,0.5,1.6,56.3,0.1,30.0,0.0,2.7,3.0,39.8,10.5,11.6,9.4,9.5
Rudy Gay,67.0,21.8,10.8,8.9,44.6,3.3,33.6,5.4,1.7,1.3,0.5,0.5,3.3,54.5,2.3,47.1,1.6,3.4,2.8,30.8,22.9,11.6,11.7,21.1
Rudy Gobert,68.0,34.3,15.1,8.2,69.3,0.0,0.0,13.5,1.5,1.9,0.8,2.0,8.2,68.3,0.0,0.0,0.7,0.5,0.0,0.0,21.3,6.5,19.5,16.2
Rui Hachimura,48.0,30.1,13.5,11.4,46.6,1.8,28.7,6.1,1.8,1.1,0.8,0.2,6.7,53.7,2.9,40.1,1.8,3.7,1.7,30.1,20.8,8.8,10.1,18.9
Russell Westbrook,57.0,36.0,27.2,22.5,47.2,3.7,25.8,7.9,7.0,4.5,1.6,0.4,13.5,55.6,5.2,40.7,1.1,20.8,1.9,29.1,34.0,34.0,10.0,33.0
Serge Ibaka,55.0,27.0,15.4,12.2,51.2,3.3,38.5,8.2,1.4,2.0,0.5,0.8,6.6,60.6,2.3,42.9,1.6,1.4,3.1,37.8,26.8,8.6,14.2,23.6
Seth Curry,64.0,24.6,12.4,9.0,49.5,5.0,45.2,2.3,1.9,1.0,0.6,0.1,2.3,52.2,1.7,54.6,0.0,4.2,3.2,48.1,23.7,11.7,4.3,17.6
Shabazz Napier,56.0,24.0,10.3,8.1,41.2,4.3,31.7,2.8,4.7,2.3,1.2,0.2,2.9,51.7,1.0,45.6,0.0,8.1,1.8,32.7,19.8,29.5,5.6,19.7
Shai Gilgeous-Alexander,70.0,34.7,19.0,14.5,47.1,3.6,34.7,5.9,3.3,1.9,1.1,0.7,8.9,51.7,2.0,47.8,0.0,16.4,1.2,41.9,26.5,14.8,8.5,23.5
Shake Milton,40.0,20.1,9.4,6.9,48.4,3.4,43.0,2.2,2.6,1.2,0.5,0.2,3.0,56.7,0.7,34.6,0.0,5.1,2.7,43.9,22.5,18.2,5.5,18.6
Spencer Dinwiddie,64.0,31.2,20.6,16.0,41.5,6.3,30.8,3.5,6.8,2.7,0.6,0.3,8.5,51.8,1.2,29.9,0.2,17.1,2.2,37.3,31.2,34.4,5.1,28.7
Stephen Curry,5.0,27.9,20.8,16.4,40.2,9.8,24.5,5.2,6.6,3.2,1.0,0.4,4.6,65.2,2.0,60.0,0.0,7.2,4.4,27.3,32.6,35.5,8.4,28.6
Steven Adams,63.0,26.7,10.9,7.6,59.2,0.0,33.3,9.3,2.3,1.5,0.8,1.1,7.3,61.6,0.2,21.4,3.9,0.7,0.0,50.0,19.4,12.8,17.3,16.8
Svi Mykhailiuk,56.0,22.6,9.0,7.2,41.0,5.1,40.4,1.9,1.9,1.1,0.7,0.1,2.0,45.0,0.1,25.0,0.0,4.4,4.0,42.0,19.1,12.0,4.1,16.5
T.J. Warren,67.0,32.9,19.8,14.9,53.6,3.4,40.3,4.2,1.5,1.3,1.2,0.5,7.6,65.8,3.9,43.0,0.6,5.5,2.9,40.8,29.2,7.2,6.3,22.9
Taurean Prince,64.0,29.0,12.1,11.5,37.6,6.7,33.9,6.0,1.8,2.0,0.9,0.4,3.8,47.4,1.1,33.3,0.1,5.3,4.9,35.8,19.5,9.0,9.3,20.0
Terrance Ferguson,56.0,22.5,3.9,3.9,35.5,3.0,29.2,1.3,0.9,0.6,0.5,0.3,0.7,57.1,0.3,57.1,0.0,1.3,2.9,29.2,8.6,5.5,2.9,9.2
Terrence Ross,69.0,27.4,14.7,12.3,40.3,7.3,35.1,3.2,1.2,1.0,1.1,0.3,2.4,58.3,2.6,39.8,0.0,2.0,5.3,37.1,25.6,7.2,5.4,21.6
Terry Rozier,63.0,34.4,18.0,14.9,42.3,6.7,40.7,4.4,4.1,2.2,1.0,0.2,6.6,43.9,1.7,38.9,0.0,10.2,3.7,45.9,26.0,20.9,6.2,23.2
Thaddeus Young,64.0,24.9,10.3,9.4,44.8,3.5,35.6,4.9,1.8,1.6,1.4,0.4,5.4,51.9,0.4,32.1,1.5,3.7,3.1,37.2,19.4,11.3,9.7,19.2
Thomas Bryant,46.0,24.9,13.2,9.1,58.1,2.0,40.7,7.2,1.8,1.2,0.5,1.1,5.1,70.6,2.0,44.7,1.0,0.7,1.7,42.5,24.4,10.7,13.9,18.5
Tim Hardaway Jr.,71.0,29.5,15.8,12.5,43.4,7.2,39.8,3.3,1.9,1.0,0.6,0.1,3.3,48.5,1.9,46.3,0.2,3.9,4.9,42.1,25.2,9.6,5.1,20.4
Tobias Harris,72.0,34.3,19.6,16.3,47.1,5.0,36.7,6.9,3.2,1.4,0.7,0.6,8.2,58.5,3.1,34.7,2.5,8.4,3.7,38.0,27.6,14.5,9.9,23.6
Tomas Satoransky,65.0,28.9,9.9,8.5,43.0,3.1,32.2,3.9,5.4,2.0,1.2,0.1,4.7,51.1,0.7,34.1,0.3,10.2,2.6,32.9,16.3,26.9,6.9,16.5
Tony Snell,59.0,27.8,8.0,6.5,44.5,4.3,40.2,1.9,2.2,0.5,0.5,0.3,1.6,56.3,0.6,42.4,0.0,3.0,3.8,37.7,14.1,11.0,3.4,11.0
Trae Young,60.0,35.3,29.6,20.8,43.7,9.5,36.1,4.3,9.3,4.8,1.1,0.1,9.5,51.6,1.8,44.0,0.0,19.8,1.7,46.6,38.3,42.3,5.7,33.9
Trevor Ariza,53.0,28.2,8.0,6.1,43.8,3.9,37.2,4.6,1.7,1.1,1.3,0.3,2.1,61.9,0.1,0.0,0.3,3.0,3.2,38.4,13.5,8.1,8.0,11.7
Trey Lyles,63.0,20.2,6.4,5.4,44.6,2.7,38.7,5.7,1.1,0.6,0.4,0.4,2.1,52.4,0.6,35.0,0.1,2.4,2.4,38.8,15.1,7.2,14.2,13.6
Tristan Thompson,57.0,30.2,12.0,9.9,51.2,0.4,39.1,10.1,2.1,1.8,0.6,0.9,9.0,52.2,0.5,31.0,2.5,2.2,0.2,35.7,19.3,10.6,16.5,18.1
Troy Brown Jr.,69.0,25.8,10.4,9.0,43.9,2.6,34.1,5.6,2.6,1.1,1.2,0.1,4.5,53.3,1.9,36.8,0.1,3.8,2.1,39.2,18.5,14.2,10.3,17.4
Tyler Herro,55.0,27.4,13.5,11.5,42.8,5.4,38.9,4.1,2.2,1.6,0.6,0.2,3.0,53.3,3.0,39.4,0.1,5.7,3.0,44.2,23.5,13.1,7.2,21.3
Victor Oladipo,19.0,27.8,14.5,12.9,39.4,5.5,31.7,3.9,2.9,2.5,0.9,0.2,4.7,46.8,2.8,41.5,0.0,8.8,2.1,27.5,24.6,15.9,6.9,25.9
Wendell Carter Jr.,43.0,29.2,11.3,8.0,53.4,0.7,20.7,9.4,1.2,1.7,0.8,0.8,6.5,58.5,0.8,45.7,1.8,0.6,0.6,23.1,18.4,6.2,15.6,16.2
Wesley Matthews,67.0,24.4,7.4,6.3,39.6,4.4,36.4,2.5,1.4,0.6,0.6,0.1,1.5,53.3,0.4,34.6,0.1,1.7,3.5,37.7,13.5,7.0,4.5,12.3
Will Barton,58.0,33.0,15.1,12.7,45.0,5.0,37.5,6.3,3.7,1.5,1.1,0.5,6.6,48.5,1.3,51.4,0.1,7.8,2.7,40.3,22.3,15.7,9.4,19.7
Willie Cauley-Stein,54.0,20.3,7.2,5.6,57.9,0.0,0.0,5.8,1.3,0.7,0.9,1.1,4.8,64.6,0.8,25.0,1.9,0.8,0.0,0.0,16.9,9.8,13.6,14.4
Wilson Chandler,35.0,21.0,5.9,5.2,40.4,3.5,30.6,4.1,1.1,1.0,0.5,0.3,1.5,60.0,0.3,66.7,0.1,2.7,3.2,31.9,13.1,8.0,9.1,12.8
Zach Collins,11.0,26.4,7.0,6.2,47.1,1.7,36.8,6.3,1.5,1.3,0.5,0.5,3.8,52.6,0.6,42.9,1.5,0.3,1.6,38.9,12.7,6.7,12.3,12.6
Zach LaVine,60.0,34.8,25.5,20.0,45.0,8.1,38.0,4.8,4.2,3.4,1.5,0.5,9.4,53.2,2.5,34.4,0.3,12.5,2.8,42.6,34.9,21.8,7.0,31.2
Zion Williamson,24.0,27.8,22.5,15.0,58.3,0.6,42.9,6.3,2.1,2.5,0.7,0.4,14.0,60.0,0.5,27.3,6.9,5.0,0.3,25.0,36.4,11.9,10.4,29.1
