Player,GP,MIN,PTS,FGA,FG%,3PA,3P%,REB,AST,TO,STL,BLK,Close FGA,Close FG%,Mid FGA,Mid FG%,Post_Ups,Drives,CS_3PA,CS_3P%,PP100Pos,AST %,REB %,USG %,Height
Aaron Gordon,78.0,23.9,9.2,7.4,47.3,1.8,29.6,6.5,1.6,0.8,0.8,0.7,4.3,60.5,1.3,31.7,0.6,2.2,1.7,30.5,18.9,10.3,13.3,16.9,81
Al Horford,82.0,32.1,15.2,12.8,50.5,3.1,34.4,7.3,3.2,1.3,0.8,1.5,5.6,64.3,4.1,44.4,3.8,2.1,3.0,35.1,22.9,16.5,10.9,20.2,82
Al Jefferson,47.0,23.3,12.0,10.7,48.5,0.0,0.0,6.4,1.5,0.7,0.6,0.9,6.8,51.5,4.0,43.9,11.3,0.0,0.0,0.0,25.3,11.4,13.3,24.0,82
Al-Farouq Aminu,82.0,28.5,10.2,8.8,41.6,4.3,36.1,6.1,1.7,1.5,0.9,0.6,3.4,50.0,1.1,37.6,0.4,3.5,4.0,36.3,17.5,8.7,10.4,16.6,81
Alec Burks,31.0,25.7,13.3,10.8,41.0,2.5,40.5,3.5,2.0,1.6,0.6,0.1,5.1,47.1,3.1,32.3,0.0,8.0,1.5,40.4,26.1,14.0,6.9,24.6,78
Alex Len,78.0,23.3,9.0,8.0,42.3,0.1,14.3,7.6,1.2,1.9,0.5,0.8,5.4,46.3,2.5,32.6,5.0,0.6,0.1,16.7,18.6,8.7,15.6,20.2,85
Allen Crabbe,81.0,26.0,10.3,8.4,45.9,3.5,39.3,2.7,1.2,0.8,0.8,0.2,1.7,58.8,3.1,44.8,0.1,1.8,3.2,41.1,19.2,7.2,4.9,15.9,78
Alonzo Gee,73.0,22.4,4.5,3.5,51.8,0.8,28.3,3.4,1.0,0.8,0.9,0.2,2.3,65.2,0.4,25.0,0.1,1.5,0.7,30.2,9.7,6.3,7.3,9.1,78
Amir Johnson,79.0,22.8,7.3,5.4,58.5,0.5,23.3,6.4,1.7,1.2,0.7,1.1,4.7,63.8,0.2,37.5,1.2,0.7,0.5,24.3,15.6,11.0,13.2,13.6,81
Andre Drummond,81.0,32.9,16.2,13.1,52.1,0.1,33.3,14.8,0.8,1.9,1.5,1.4,12.2,54.1,0.8,25.0,6.0,0.9,0.0,0.0,24.6,4.2,21.7,23.9,83
Andre Iguodala,65.0,26.6,7.0,5.7,47.8,2.4,35.1,4.0,3.4,1.2,1.1,0.3,2.3,60.9,1.1,39.1,0.6,1.7,1.8,40.7,12.5,16.5,7.3,11.7,78
Andre Roberson,70.0,22.2,4.8,3.9,49.6,1.5,31.1,3.6,0.7,0.5,0.8,0.6,2.3,65.2,0.1,0.0,0.1,0.6,1.4,31.3,10.7,3.9,7.9,9.2,79
Andrew Bogut,70.0,20.7,5.4,4.0,62.7,0.0,100.0,7.0,2.3,1.2,0.5,1.6,3.8,65.8,0.1,30.0,2.5,0.1,0.0,0.0,12.4,14.5,16.3,11.5,84
Andrew Wiggins,81.0,35.1,20.7,16.0,45.9,2.3,30.0,3.6,2.0,2.2,1.0,0.6,8.1,59.3,5.6,34.1,3.9,7.5,1.6,33.8,29.1,9.8,5.3,26.7,80
Anthony Brown,29.0,20.6,4.0,4.3,31.0,2.4,28.6,2.4,0.7,0.5,0.5,0.2,1.0,30.0,1.0,37.0,0.1,1.1,2.2,30.2,9.5,4.8,5.5,10.9,79
Anthony Davis,61.0,35.5,24.3,18.6,49.3,1.8,32.4,10.3,1.9,2.0,1.3,2.0,9.5,57.9,7.4,42.4,7.0,2.6,1.6,33.7,33.5,10.0,14.5,29.0,82
Arron Afflalo,71.0,33.4,12.8,11.3,44.3,3.4,38.2,3.7,2.0,1.2,0.4,0.1,3.6,50.0,4.3,42.8,3.3,3.2,2.8,38.8,19.5,9.7,5.5,17.8,77
Austin Rivers,67.0,21.8,8.9,7.7,43.8,2.8,33.5,1.9,1.5,0.9,0.7,0.1,3.6,55.6,1.3,39.3,0.1,5.3,1.8,38.0,19.6,11.6,4.3,18.8,76
Avery Bradley,76.0,33.4,15.2,13.4,44.7,5.4,36.1,2.9,2.1,1.4,1.5,0.3,3.6,63.9,4.5,38.5,0.0,1.8,4.1,36.7,22.0,9.5,4.1,19.7,74
Ben McLemore,68.0,21.2,7.8,6.7,42.9,2.7,36.2,2.2,1.2,1.5,0.8,0.1,2.7,55.6,1.3,33.7,0.0,2.7,2.4,36.8,17.2,7.6,5.0,17.2,77
Bismack Biyombo,82.0,22.0,5.5,3.5,54.2,0.0,0.0,8.0,0.4,0.9,0.2,1.6,3.0,56.7,0.5,38.5,0.3,0.1,0.0,0.0,12.8,2.5,17.6,11.4,81
Blake Griffin,35.0,33.4,21.4,17.2,49.9,0.5,33.3,8.4,4.9,2.4,0.8,0.5,7.8,64.1,9.0,38.1,6.9,3.5,0.3,40.0,31.3,25.8,12.2,28.9,82
Bojan Bogdanovic,79.0,26.8,11.2,9.5,43.3,4.3,38.2,3.2,1.3,1.5,0.4,0.1,3.8,50.0,1.4,40.0,1.0,3.6,3.6,39.2,20.7,7.3,6.1,19.0,80
Bradley Beal,55.0,31.1,17.4,14.5,44.9,4.9,38.7,3.4,2.9,2.0,1.0,0.2,5.6,55.4,4.1,36.3,0.5,7.4,3.3,38.7,26.8,15.3,5.5,24.5,77
Brandon Bass,66.0,20.3,7.2,4.8,54.9,0.0,0.0,4.3,1.1,0.6,0.5,0.8,3.7,62.2,1.1,34.2,2.0,0.5,0.0,0.0,17.3,8.8,10.4,13.6,80
Brandon Knight,52.0,36.0,19.6,17.2,41.5,6.8,34.2,3.9,5.1,3.4,1.2,0.4,5.9,54.2,4.5,36.4,0.3,9.6,3.0,37.0,26.1,23.4,5.3,25.8,75
Briante Weber,7.0,24.1,4.4,5.6,35.9,0.7,0.0,3.6,3.0,1.3,1.3,0.4,2.6,38.5,2.3,43.8,0.0,5.3,0.4,0.0,9.2,17.5,6.8,11.7,74
Brook Lopez,73.0,33.7,20.6,15.8,51.1,0.2,14.3,7.8,2.0,2.4,0.8,1.7,11.0,55.5,4.6,42.5,10.7,2.1,0.2,15.4,30.5,10.6,12.0,27.2,84
CJ McCollum,80.0,34.7,20.8,17.9,44.8,5.9,41.7,3.2,4.3,2.5,1.2,0.3,6.2,48.4,5.8,44.6,0.1,11.3,3.7,43.6,29.3,21.1,4.5,26.6,76
CJ Miles,64.0,22.9,11.8,9.9,40.9,6.0,36.7,2.7,1.0,1.1,0.8,0.5,2.6,50.0,1.3,41.9,0.1,2.2,4.9,38.3,24.5,6.9,5.8,22.1,78
Carmelo Anthony,72.0,35.1,21.8,18.2,43.4,4.3,33.9,7.7,4.2,2.4,0.9,0.5,5.4,50.0,8.4,44.5,8.4,3.2,2.6,38.0,31.6,20.9,10.7,29.1,80
Chandler Parsons,61.0,29.5,13.7,10.7,49.2,4.1,41.4,4.7,2.8,1.6,0.8,0.3,4.9,59.2,1.7,38.6,0.7,6.8,3.1,42.9,23.4,15.8,8.0,20.4,82
Chris Bosh,53.0,33.5,19.1,14.5,46.7,4.2,36.5,7.4,2.4,1.5,0.7,0.6,4.9,57.1,5.4,45.1,2.9,4.4,4.0,36.8,28.8,12.9,11.1,24.7,83
Chris Paul,74.0,32.7,19.5,15.1,46.2,4.4,37.1,4.2,10.0,2.6,2.1,0.2,4.4,56.8,6.2,45.7,1.4,11.0,1.2,43.7,29.3,49.3,6.3,26.5,72
Cody Zeller,73.0,24.3,8.7,6.0,52.9,0.1,10.0,6.2,1.0,0.9,0.8,0.9,4.9,59.2,1.0,26.4,0.7,1.3,0.1,11.1,17.7,6.1,12.8,15.2,84
Corey Brewer,82.0,20.4,7.2,6.7,38.4,2.7,27.2,2.4,1.3,1.0,1.0,0.2,3.4,50.0,0.6,26.0,0.0,2.6,2.4,29.3,16.6,10.2,5.6,17.2,81
Cory Joseph,80.0,25.6,8.5,7.3,43.9,1.4,27.3,2.6,3.1,1.3,0.8,0.3,4.1,51.2,1.9,41.3,0.1,9.9,1.1,33.0,16.7,19.9,5.0,16.6,75
Courtney Lee,79.0,29.6,9.6,8.1,45.4,2.7,37.8,2.6,1.7,0.9,1.1,0.4,2.5,56.0,2.8,43.8,0.0,3.1,2.6,39.7,16.4,8.8,4.5,14.6,77
D'Angelo Russell,80.0,28.2,13.2,12.0,41.0,4.6,35.1,3.4,3.3,2.5,1.2,0.2,4.4,50.0,3.0,35.9,0.6,5.4,2.8,36.3,23.1,21.3,5.8,23.8,77
Dahntay Jones,1.0,42.4,13.0,14.0,42.9,2.0,50.0,5.0,2.0,0.0,1.0,2.0,7.0,28.6,5.0,60.0,1.0,3.0,2.0,50.0,16.5,6.7,6.0,15.6,78
Damian Lillard,75.0,35.7,25.1,19.7,41.9,8.1,37.5,4.0,6.8,3.2,0.9,0.4,7.6,47.4,3.9,42.6,0.1,13.6,3.1,41.7,34.2,33.0,5.4,30.4,75
Danilo Gallinari,53.0,34.7,19.5,13.2,41.0,4.5,36.4,5.3,2.5,1.5,0.8,0.4,5.0,48.0,3.7,37.6,3.1,6.6,3.2,41.3,27.8,12.2,7.5,22.6,82
Danny Green,79.0,26.1,7.2,7.1,37.6,4.4,33.2,3.8,1.8,0.9,1.0,0.8,1.6,50.0,1.1,32.1,0.0,2.3,3.8,35.2,14.0,9.2,7.4,14.3,78
Dante Cunningham,80.0,24.6,6.1,5.2,45.1,2.2,31.6,3.0,1.0,0.5,0.5,0.4,2.0,60.0,1.0,43.6,0.1,1.0,2.1,32.2,12.0,5.6,6.1,11.0,80
Darrell Arthur,70.0,21.7,7.5,7.0,45.2,1.7,38.5,4.2,1.4,0.9,0.8,0.7,2.1,52.4,3.2,44.4,1.1,0.4,1.6,38.1,17.1,10.2,9.3,16.5,81
Darren Collison,74.0,30.0,14.0,10.5,48.6,2.9,40.1,2.3,4.3,1.8,1.0,0.1,4.6,54.3,3.0,46.7,0.1,6.6,1.9,44.4,22.2,21.9,3.7,19.0,72
DeAndre Jordan,77.0,33.7,12.7,6.6,70.3,0.0,0.0,13.8,1.2,1.4,0.7,2.3,6.5,70.8,0.0,33.3,1.6,0.2,0.0,0.0,18.7,5.1,19.9,15.5,83
DeMar DeRozan,78.0,35.9,23.5,17.7,44.6,1.8,33.8,4.5,4.0,2.2,1.0,0.3,8.7,51.7,7.1,38.0,2.0,16.8,1.2,42.9,33.2,20.8,6.3,29.1,79
DeMarcus Cousins,65.0,34.6,26.9,20.5,45.1,3.2,33.3,11.5,3.3,3.8,1.6,1.4,13.2,50.8,4.1,35.5,9.3,9.3,2.8,34.1,36.6,16.7,16.2,35.1,83
DeMarre Carroll,26.0,30.2,11.0,10.4,38.9,4.5,39.0,4.7,1.0,1.1,1.7,0.2,4.5,44.4,1.4,19.4,0.1,3.5,4.1,39.6,18.2,5.6,7.6,17.6,80
Dennis Schroder,80.0,20.3,11.0,9.8,42.1,3.0,32.2,2.6,4.4,2.3,0.9,0.1,4.5,51.1,2.2,41.6,0.1,9.1,1.7,38.3,26.7,36.8,6.2,28.6,73
Deron Williams,65.0,32.4,14.1,11.9,41.4,4.3,34.4,2.9,5.8,2.3,0.9,0.2,4.4,50.0,3.2,39.8,1.4,10.1,2.8,38.7,21.9,29.5,4.5,21.8,75
Derrick Favors,62.0,32.0,16.4,13.1,51.5,0.1,0.0,8.1,1.5,1.7,1.2,1.5,8.5,61.2,4.5,35.1,5.8,0.6,0.0,0.0,26.5,8.6,13.4,23.4,82
Derrick Rose,66.0,31.8,16.4,15.9,42.7,2.3,29.3,3.4,4.7,2.7,0.7,0.2,8.3,47.0,5.3,41.9,0.2,13.5,1.6,33.7,25.3,25.0,5.0,26.6,75
Devin Booker,76.0,27.7,13.8,11.4,42.3,3.8,34.3,2.5,2.6,2.1,0.6,0.3,4.0,52.5,3.6,37.6,0.7,4.7,2.4,40.8,23.9,16.2,4.3,22.8,78
Dion Waiters,78.0,27.6,9.8,9.1,39.9,3.1,35.8,2.6,2.0,1.5,1.0,0.2,3.3,48.5,2.6,34.5,0.4,6.3,2.4,38.7,17.1,10.3,4.5,17.3,76
Dirk Nowitzki,75.0,31.5,18.3,14.8,44.8,4.6,36.8,6.5,1.8,1.1,0.7,0.7,2.5,60.0,7.7,45.1,7.7,0.5,4.4,37.0,28.7,9.6,10.3,24.9,84
Donald Sloan,61.0,21.6,7.0,5.7,44.0,1.6,38.4,2.8,4.4,1.3,0.5,0.1,2.9,51.7,1.2,33.3,0.1,7.4,1.2,42.1,16.0,29.3,6.7,16.3,75
Doug McDermott,81.0,23.0,9.4,8.0,45.2,3.2,42.5,2.4,0.7,0.7,0.2,0.1,3.0,50.0,1.8,41.3,0.4,1.6,2.9,43.9,19.8,4.9,4.9,16.6,80
Draymond Green,81.0,34.7,14.0,10.1,49.0,3.2,38.8,9.5,7.4,3.2,1.5,1.4,6.5,53.8,0.5,28.2,5.6,4.0,3.0,39.7,18.9,27.7,13.1,18.4,79
Duje Dukan,1.0,24.2,6.0,10.0,20.0,5.0,40.0,4.0,1.0,0.0,1.0,0.0,1.0,0.0,4.0,0.0,0.0,0.0,4.0,50.0,11.5,6.7,5.9,15.4,81
Dwight Howard,71.0,32.1,13.7,8.5,62.0,0.1,0.0,11.8,1.4,2.3,1.0,1.6,8.1,64.2,0.3,38.1,5.7,0.2,0.0,0.0,21.0,7.1,18.2,18.4,83
Dwyane Wade,74.0,30.5,19.0,16.0,45.6,0.6,15.9,4.1,4.6,2.7,1.1,0.6,9.1,52.7,6.3,37.4,2.9,12.8,0.2,29.4,31.4,26.7,6.8,31.0,76
E'Twaun Moore,59.0,21.4,7.5,6.6,48.1,1.8,45.2,2.3,1.7,0.9,0.6,0.3,3.2,53.1,1.7,41.4,0.2,4.2,1.5,46.0,17.2,11.8,5.0,15.7,76
Ed Davis,81.0,20.8,6.5,4.2,61.1,0.0,0.0,7.4,1.1,0.8,0.7,0.9,4.1,61.0,0.1,60.0,0.5,0.3,0.0,0.0,15.5,7.8,16.8,12.5,82
Elfrid Payton,73.0,29.4,10.7,10.0,43.6,1.3,32.6,3.6,6.4,2.4,1.2,0.3,6.6,50.0,2.1,30.7,0.0,10.6,1.1,34.6,17.8,31.7,6.0,19.8,76
Emmanuel Mudiay,68.0,30.4,12.8,13.3,36.4,3.4,31.9,3.4,5.5,3.2,1.0,0.5,6.2,41.9,3.7,30.8,0.7,11.6,2.1,32.9,20.6,28.1,5.5,25.0,77
Enes Kanter,82.0,21.0,12.7,8.8,57.6,0.3,47.6,8.1,0.4,1.4,0.3,0.4,7.0,60.0,1.6,45.0,3.3,0.4,0.3,47.6,29.7,3.2,18.9,22.9,83
Eric Bledsoe,31.0,34.2,20.4,15.9,45.3,4.2,37.2,4.0,6.1,3.5,2.0,0.6,7.3,52.1,4.4,41.6,0.3,17.4,1.7,34.0,28.5,29.8,5.8,27.0,73
Eric Gordon,45.0,32.9,15.2,12.3,41.8,6.5,38.4,2.2,2.7,1.6,1.0,0.3,4.0,50.0,1.7,39.0,0.2,6.0,5.2,36.4,22.6,12.9,3.3,20.3,76
Ersan Ilyasova,74.0,25.4,10.4,8.9,42.4,3.5,37.1,5.4,0.9,1.0,0.7,0.4,3.7,48.6,1.7,38.0,0.7,1.4,2.8,38.2,20.0,5.5,10.6,18.0,82
Evan Fournier,79.0,32.5,15.4,11.8,46.2,4.9,40.0,2.8,2.7,1.7,1.2,0.0,5.2,55.8,1.6,32.6,0.2,7.8,3.8,41.1,23.5,12.8,4.4,20.0,79
Evan Turner,81.0,28.0,10.5,9.3,45.6,1.0,24.1,4.9,4.4,2.1,1.0,0.3,4.6,54.3,3.7,39.5,1.3,6.4,0.9,25.7,17.9,24.7,8.2,18.4,79
Frank Kaminsky,81.0,21.1,7.5,6.5,41.0,2.5,33.7,4.1,1.2,0.7,0.5,0.5,3.4,50.0,0.6,30.0,1.2,2.8,2.4,33.8,17.4,9.5,9.4,16.6,84
Garrett Temple,80.0,24.4,7.3,6.3,39.8,3.2,34.5,2.7,1.8,0.8,0.9,0.2,2.1,52.4,1.0,33.3,0.1,2.2,2.9,35.2,14.4,10.2,5.4,14.0,78
Gary Harris,76.0,32.1,12.3,10.1,46.9,3.9,35.4,2.9,1.9,1.3,1.3,0.2,4.6,56.5,1.6,47.9,0.0,5.0,3.5,36.9,18.8,9.3,4.4,16.0,76
Gary Neal,40.0,20.2,9.8,8.1,46.5,2.5,41.0,2.1,1.2,0.7,0.5,0.0,2.2,54.5,3.4,44.9,0.1,3.4,1.7,38.8,23.1,9.9,5.3,20.4,76
George Hill,74.0,34.1,12.1,10.0,44.1,4.2,40.8,4.0,3.5,1.4,1.1,0.2,3.6,52.8,2.2,37.4,0.4,5.1,3.1,44.6,17.4,15.7,5.8,15.7,75
Gerald Green,69.0,22.6,8.9,8.5,39.2,3.8,32.3,2.4,0.8,0.7,0.6,0.3,2.0,55.0,2.7,38.6,0.4,2.4,3.0,33.2,19.9,5.7,5.2,19.2,79
Giannis Antetokounmpo,80.0,35.3,16.9,12.7,50.6,1.4,25.7,7.7,4.3,2.6,1.2,1.4,8.9,58.4,2.5,33.8,2.3,8.8,1.1,26.1,24.0,19.5,11.2,22.1,83
Goran Dragic,72.0,32.8,14.1,12.2,47.7,2.8,31.2,3.8,5.8,2.6,1.0,0.2,6.3,57.1,3.0,43.7,0.1,14.5,1.9,34.8,21.5,27.6,5.8,21.1,75
Gordon Hayward,80.0,36.2,19.7,15.0,43.3,5.1,34.9,5.0,3.7,2.5,1.2,0.3,6.5,52.3,3.5,39.4,0.6,11.6,3.7,36.9,28.2,18.1,7.1,25.0,80
Gorgui Dieng,82.0,27.1,10.1,7.1,53.2,0.2,30.0,7.1,1.7,1.7,1.1,1.2,4.3,60.5,2.5,42.7,2.3,0.8,0.2,33.3,18.5,9.9,13.8,16.5,83
Greg Monroe,79.0,29.3,15.3,11.9,52.2,0.0,0.0,8.8,2.3,1.6,0.9,0.8,10.1,54.5,1.7,40.1,8.3,1.6,0.0,0.0,26.2,12.8,15.7,23.1,83
Harrison Barnes,66.0,30.9,11.7,9.6,46.6,3.2,38.3,4.9,1.8,0.9,0.6,0.2,3.6,55.6,2.7,46.6,2.6,1.7,3.2,38.3,18.0,7.7,7.8,15.6,80
Hassan Whiteside,73.0,29.1,14.2,9.3,60.6,0.0,0.0,11.8,0.4,1.9,0.6,3.7,7.7,64.9,1.6,41.2,3.9,0.3,0.0,0.0,25.0,2.2,20.2,20.1,84
Hollis Thompson,77.0,28.0,9.8,8.8,39.7,5.1,38.0,3.5,1.3,1.0,0.5,0.3,2.2,45.5,1.5,35.4,0.1,3.8,4.8,38.8,16.8,7.2,6.0,15.7,80
Ian Mahinmi,71.0,25.6,9.3,6.3,58.9,0.0,0.0,7.1,1.5,1.4,0.9,1.1,5.6,62.5,0.7,26.4,1.6,0.8,0.0,0.0,17.7,9.0,13.7,15.7,83
Iman Shumpert,54.0,24.4,5.8,5.6,37.4,2.7,29.5,3.8,1.7,1.1,1.0,0.4,1.6,50.0,1.4,40.5,0.0,2.5,2.2,32.5,11.9,10.0,7.7,13.0,77
Isaiah Canaan,77.0,25.5,11.0,9.4,36.0,6.3,36.3,2.3,1.8,1.2,0.7,0.2,2.1,38.1,0.9,28.6,0.1,4.1,3.9,38.1,20.8,12.0,4.2,19.1,72
Isaiah Thomas,82.0,32.2,22.2,16.9,42.8,5.7,35.9,3.0,6.2,2.7,1.1,0.1,8.7,48.3,2.5,36.5,0.1,16.5,2.8,39.8,32.8,31.2,4.3,28.9,69
Ish Smith,77.0,29.1,12.6,12.6,41.1,2.2,32.9,4.0,6.5,2.3,1.1,0.3,6.9,46.4,3.4,35.1,0.1,15.4,1.0,35.4,21.0,37.0,6.5,23.5,72
J.J. Barea,74.0,22.5,10.9,9.6,44.6,3.5,38.5,2.1,4.1,1.5,0.4,0.0,4.4,47.7,1.7,45.2,0.1,9.1,1.5,42.9,23.9,30.1,4.5,22.9,72
JJ Redick,75.0,28.0,16.3,11.7,48.0,5.6,47.5,1.9,1.4,1.0,0.6,0.1,1.8,50.0,4.3,47.7,0.0,2.8,4.4,50.2,28.6,8.0,3.2,22.0,76
JR Smith,77.0,30.7,12.4,11.0,41.5,6.6,40.0,2.8,1.7,0.8,1.1,0.3,2.2,50.0,2.2,37.8,0.1,2.7,5.2,43.4,20.5,8.2,4.7,17.7,78
Jabari Parker,76.0,31.7,14.1,11.8,49.3,0.5,25.7,5.2,1.7,1.5,0.9,0.4,7.4,58.1,3.9,34.6,1.5,4.4,0.4,25.0,22.3,8.6,8.4,20.6,80
Jae Crowder,73.0,31.6,14.2,11.1,44.3,5.0,33.6,5.1,1.8,1.1,1.7,0.5,3.9,61.5,2.2,41.7,0.6,2.4,4.1,35.1,21.5,8.7,7.5,18.1,78
Jahlil Okafor,53.0,30.0,17.5,14.7,50.8,0.1,16.7,7.0,1.2,2.3,0.4,1.2,10.9,57.8,3.6,33.7,10.0,3.4,0.1,25.0,28.8,8.8,11.7,27.2,83
Jamal Crawford,79.0,26.9,14.2,11.9,40.4,4.4,34.0,1.8,2.3,1.4,0.7,0.2,3.3,51.5,4.2,38.6,0.1,5.0,2.5,39.1,25.4,14.5,3.4,23.9,77
Jameer Nelson,39.0,26.6,7.7,7.9,36.8,3.7,29.9,2.9,4.9,1.7,0.6,0.1,2.1,47.6,2.1,39.5,0.0,9.2,1.9,28.8,14.5,28.7,5.5,16.3,72
James Harden,82.0,38.1,29.0,19.7,43.9,8.0,35.9,6.1,7.5,4.6,1.7,0.6,7.9,53.2,3.9,40.5,1.9,14.5,3.1,41.4,36.9,35.4,7.9,31.9,77
Jared Dudley,81.0,25.9,7.9,6.0,47.8,2.9,42.0,3.5,2.1,1.0,0.9,0.2,1.0,70.0,2.1,47.1,0.4,2.1,2.9,41.9,14.7,11.2,6.9,12.7,79
Jared Sullinger,81.0,23.6,10.3,10.0,43.5,1.3,28.2,8.3,2.3,1.3,0.9,0.6,5.1,51.0,3.6,40.3,3.0,1.7,1.1,31.2,21.1,14.8,16.7,21.6,81
Jarrett Jack,32.0,32.1,12.8,11.2,39.1,3.2,30.4,4.3,7.4,2.9,1.1,0.2,4.1,41.5,3.9,42.9,0.0,10.5,1.8,29.8,19.7,34.0,6.6,20.9,75
Jeff Green,80.0,28.2,11.7,10.3,43.0,2.7,31.5,4.2,1.7,1.2,0.7,0.5,5.5,50.9,2.2,37.8,1.8,4.3,2.2,33.5,21.1,10.2,7.5,20.4,81
Jeff Teague,79.0,28.5,15.7,12.5,43.9,3.5,40.1,2.7,5.9,2.8,1.2,0.3,7.1,49.3,1.9,32.5,0.3,15.1,1.4,47.4,26.5,34.1,4.5,25.9,74
Jerami Grant,77.0,26.8,9.7,7.8,41.9,1.9,24.0,4.7,1.8,1.4,0.7,1.6,5.3,50.9,0.6,23.3,1.6,4.8,1.8,24.3,17.5,10.6,8.4,17.9,80
Jeremy Lin,78.0,26.3,11.7,9.3,41.2,2.9,33.6,3.2,3.0,1.9,0.7,0.5,4.4,47.7,2.1,35.2,0.1,9.4,2.0,35.0,21.9,19.2,5.9,21.7,75
Jerryd Bayless,52.0,28.9,10.4,8.4,42.3,4.4,43.7,2.7,3.1,1.4,0.9,0.2,2.3,43.5,1.7,39.5,0.0,5.2,3.6,45.9,18.2,16.8,4.8,16.4,75
Jimmy Butler,67.0,36.9,20.9,15.4,45.4,3.1,31.2,5.3,4.8,2.0,1.6,0.6,6.8,58.8,5.6,36.8,2.8,10.5,1.9,30.8,28.1,21.8,6.8,24.2,79
Joakim Noah,29.0,21.9,4.3,4.6,38.3,0.0,0.0,8.8,3.8,1.8,0.6,1.0,4.3,39.5,0.3,37.5,0.7,1.5,0.0,0.0,9.6,25.6,17.9,13.7,83
Joe Johnson,81.0,33.4,12.2,10.6,43.9,3.9,38.3,3.6,3.9,2.0,0.8,0.0,4.0,50.0,2.8,41.3,3.1,5.8,3.0,40.8,18.3,17.2,5.6,17.8,79
John Wall,77.0,36.2,19.9,17.5,42.4,4.3,35.1,4.9,10.2,4.1,1.9,0.8,6.5,53.8,6.8,36.2,0.1,12.5,2.5,38.4,26.6,44.9,6.8,28.0,76
Jonas Valanciunas,60.0,25.9,12.8,8.9,56.5,0.0,0.0,9.1,0.7,1.4,0.4,1.3,7.5,58.7,1.5,45.5,4.6,0.3,0.0,0.0,25.0,4.5,18.5,20.4,84
Jordan Clarkson,79.0,32.3,15.5,13.9,43.3,4.1,34.7,4.0,2.4,1.7,1.1,0.1,6.6,50.0,3.3,40.9,0.2,8.2,2.6,34.5,23.7,13.9,5.9,22.5,77
Jordan Farmar,12.0,24.3,9.2,8.3,42.0,3.8,35.6,2.1,3.1,1.5,1.3,0.2,2.4,45.8,2.2,50.0,0.0,5.7,1.8,31.8,19.1,19.8,4.4,17.8,74
Jordan Hamilton,11.0,27.6,11.4,10.5,42.2,4.1,28.9,5.6,2.3,1.5,0.7,0.3,4.5,55.6,2.0,40.9,0.4,7.5,2.3,24.0,20.2,12.8,10.3,20.3,79
Jordan Hill,73.0,20.7,8.8,7.5,50.6,0.0,0.0,6.2,1.2,1.3,0.5,0.5,4.9,57.1,2.6,38.7,3.8,0.3,0.0,0.0,21.2,9.6,14.3,20.1,82
Jose Calderon,72.0,28.1,7.6,6.3,45.9,2.8,41.4,3.2,4.1,1.2,0.9,0.1,0.9,55.6,2.5,47.3,0.0,3.6,2.2,43.0,13.7,21.3,5.6,12.4,75
Josh Richardson,52.0,21.3,6.6,5.2,45.2,2.2,46.1,2.1,1.4,0.7,0.7,0.5,1.9,47.4,1.2,39.0,0.0,3.7,2.1,46.4,15.5,9.8,4.8,13.4,78
Jrue Holiday,65.0,28.2,16.8,14.4,43.9,4.0,33.6,3.0,6.0,2.6,1.4,0.3,7.2,51.4,3.3,40.1,0.5,14.6,1.1,35.2,28.8,36.5,5.3,28.3,76
Julius Randle,81.0,28.2,11.3,10.3,42.9,0.4,27.8,10.2,1.8,1.8,0.7,0.4,7.7,49.4,2.1,22.9,2.5,4.3,0.3,33.3,19.8,11.1,17.4,20.9,81
Justise Winslow,78.0,28.6,6.4,5.9,42.2,1.5,27.6,5.2,1.5,1.2,0.9,0.3,3.4,52.9,1.0,34.6,0.7,2.1,1.4,28.4,11.3,7.7,9.1,12.2,79
Karl-Anthony Towns,82.0,32.0,18.3,14.1,54.2,1.1,34.1,10.5,2.0,2.2,0.7,1.7,8.0,61.3,5.0,47.6,4.9,1.9,0.9,34.3,28.3,10.8,16.9,24.3,84
Kawhi Leonard,72.0,33.0,21.2,15.1,50.6,4.0,44.3,6.8,2.6,1.5,1.8,1.0,5.7,63.2,5.4,43.0,3.8,7.5,3.1,46.2,32.4,12.8,10.6,25.2,79
Kelly Olynyk,69.0,20.2,10.0,8.1,45.5,3.0,40.5,4.1,1.5,1.1,0.8,0.5,3.9,53.8,1.2,25.0,0.9,2.9,2.6,41.7,23.2,11.9,9.2,20.4,84
Kemba Walker,81.0,35.6,20.9,16.4,42.7,6.0,37.1,4.4,5.2,2.1,1.6,0.5,6.2,51.6,4.2,36.6,0.0,11.0,2.7,44.3,29.1,25.3,6.0,26.1,73
Kenneth Faried,67.0,25.3,12.5,9.3,55.8,0.0,50.0,8.7,1.2,1.4,0.5,0.9,8.4,58.3,0.9,32.3,1.8,0.8,0.0,50.0,24.4,7.7,17.0,20.3,80
Kent Bazemore,75.0,27.8,11.6,9.7,44.1,4.1,35.7,5.1,2.3,1.8,1.3,0.5,4.6,52.2,1.0,35.1,0.0,5.6,3.2,37.7,20.2,12.7,8.8,19.5,77
Kentavious Caldwell-Pope,76.0,36.7,14.5,12.6,42.0,4.9,30.9,3.7,1.8,1.4,1.4,0.2,4.7,53.2,3.1,42.3,0.1,4.6,3.6,32.1,19.7,7.5,4.8,17.7,77
Kevin Durant,72.0,35.8,28.2,19.2,50.5,6.7,38.7,8.2,5.0,3.5,1.0,1.2,7.0,62.9,5.5,49.5,2.7,8.2,3.8,40.4,37.9,23.0,11.0,29.8,81
Kevin Love,77.0,31.5,16.0,12.7,41.9,5.7,36.0,9.9,2.4,1.8,0.8,0.5,4.7,48.9,2.4,42.5,6.1,1.7,5.3,36.9,26.0,11.9,16.2,23.3,82
Khris Middleton,79.0,36.1,18.2,14.5,44.4,4.6,39.6,3.8,4.2,2.3,1.7,0.2,4.2,52.4,5.8,41.5,2.4,6.1,3.5,43.8,25.0,18.3,5.4,22.4,80
Klay Thompson,80.0,33.3,22.1,17.3,47.0,8.1,42.5,3.8,2.1,1.7,0.8,0.6,5.5,56.4,3.8,42.3,1.5,5.1,6.9,44.1,31.4,9.4,5.5,26.0,79
Kobe Bryant,66.0,28.2,17.6,16.9,35.8,7.1,28.5,3.7,2.8,2.0,0.9,0.2,3.9,51.3,5.9,34.6,2.6,4.8,3.7,32.4,30.4,18.3,6.3,31.4,78
Kristaps Porzingis,72.0,28.4,14.3,12.3,42.1,3.4,33.3,7.3,1.3,1.7,0.7,1.9,5.1,47.1,3.9,43.9,4.1,2.0,3.2,34.1,25.4,7.6,12.4,24.3,87
Kyle Korver,80.0,30.0,9.2,7.7,43.4,5.0,39.8,3.3,2.1,1.2,0.8,0.4,0.6,66.7,2.1,49.1,0.0,0.7,4.2,41.1,14.8,9.5,5.3,13.2,79
Kyle Lowry,77.0,37.0,21.2,15.6,42.7,7.1,38.8,4.7,6.4,2.9,2.1,0.4,5.8,50.0,2.7,37.6,0.3,12.7,3.6,45.3,29.3,29.3,6.6,25.6,72
Kyrie Irving,53.0,31.5,19.6,16.6,44.8,4.9,32.1,3.0,4.7,2.3,1.1,0.3,6.9,50.7,4.8,49.2,0.3,12.0,2.2,35.0,31.6,25.3,4.8,28.5,75
LaMarcus Aldridge,74.0,30.6,18.0,14.1,51.3,0.2,0.0,8.5,1.5,1.3,0.5,1.1,6.8,61.8,7.1,43.6,8.0,1.2,0.2,0.0,30.0,8.1,14.4,25.8,83
Lance Thomas,59.0,22.3,8.2,6.5,44.2,1.8,40.4,2.2,0.9,1.0,0.4,0.1,2.6,50.0,2.0,42.5,0.9,2.2,1.7,41.6,18.4,6.6,4.9,16.6,80
Langston Galloway,82.0,24.8,7.6,7.2,39.3,2.7,34.4,3.5,2.5,0.7,0.9,0.3,2.5,52.0,1.9,28.9,0.0,1.8,2.3,34.4,15.3,16.1,6.8,15.1,74
Larry Nance Jr.,63.0,20.1,5.5,4.8,52.7,0.2,10.0,5.0,0.7,0.7,0.9,0.4,2.9,65.5,1.6,38.8,0.4,0.7,0.1,12.5,13.7,5.5,12.0,12.4,81
Lavoy Allen,79.0,20.2,5.4,4.7,51.6,0.0,0.0,5.4,1.0,0.9,0.3,0.5,3.1,58.1,1.6,35.5,2.2,0.2,0.0,0.0,13.4,7.0,13.0,12.8,81
LeBron James,76.0,35.6,25.3,18.6,52.0,3.7,30.9,7.4,6.8,3.3,1.4,0.6,10.8,64.8,4.1,37.5,4.4,11.1,1.3,33.3,35.9,33.9,10.6,30.5,80
Lou Williams,67.0,28.5,15.3,10.3,40.8,4.8,34.4,2.5,2.5,1.6,0.9,0.3,2.9,51.7,2.6,40.7,0.1,6.5,2.2,37.4,26.3,14.9,4.3,22.1,73
Luis Scola,76.0,21.5,8.7,7.9,45.0,2.1,40.4,4.7,0.9,0.9,0.6,0.4,4.2,52.4,1.5,33.6,1.7,1.6,2.0,39.6,20.4,6.6,11.4,19.0,81
Luol Deng,74.0,32.4,12.3,10.1,45.5,3.5,34.4,6.0,1.9,1.1,1.0,0.4,4.6,58.7,2.0,34.4,1.6,3.0,3.2,35.1,19.0,8.7,9.4,16.8,81
Marc Gasol,52.0,34.4,16.6,13.6,46.4,0.1,66.7,7.0,3.8,2.3,1.0,1.3,7.2,48.6,6.3,43.4,13.7,0.8,0.1,66.7,24.7,19.5,10.4,23.7,85
Marcin Gortat,75.0,30.1,13.5,10.2,56.7,0.0,0.0,9.9,1.4,1.6,0.6,1.3,8.1,59.3,2.1,43.0,3.4,0.2,0.0,0.0,21.7,7.2,16.1,18.6,83
Marco Belinelli,68.0,24.6,10.2,9.3,38.6,4.4,30.6,1.7,1.9,1.2,0.5,0.0,1.3,46.2,3.7,42.7,0.1,1.9,3.5,32.2,19.7,11.7,3.4,19.3,77
Marcus Morris Sr.,80.0,35.7,14.1,11.8,43.4,3.7,36.2,5.1,2.5,1.8,0.8,0.3,3.4,52.9,4.8,42.8,3.6,4.3,3.0,38.6,19.7,10.7,7.0,18.2,81
Marcus Smart,61.0,27.3,9.1,8.7,34.8,4.0,25.3,4.2,3.0,1.3,1.5,0.3,3.9,46.2,0.8,23.4,1.0,4.1,3.0,22.2,15.7,16.2,7.0,16.8,76
Mario Chalmers,61.0,22.5,10.3,7.3,41.0,2.4,30.9,2.6,3.8,1.8,1.4,0.2,3.8,47.4,1.0,39.7,0.1,7.9,1.6,31.6,22.7,27.0,5.8,21.4,74
Markieff Morris,64.0,25.5,12.0,11.2,42.5,2.4,30.3,5.5,1.9,2.1,0.9,0.5,4.6,52.2,4.1,40.0,4.8,2.2,2.2,33.3,22.7,12.5,10.8,24.0,82
Marvin Williams,81.0,28.9,11.7,9.2,45.2,4.7,40.2,6.4,1.4,0.8,0.7,1.0,3.2,53.1,1.4,42.5,0.9,2.1,4.5,41.3,20.2,7.4,10.9,16.6,81
Mason Plumlee,82.0,25.4,9.1,6.3,51.6,0.0,0.0,7.7,2.8,1.9,0.8,1.0,5.8,53.4,0.5,32.4,1.9,1.7,0.0,0.0,17.7,16.1,14.9,17.1,83
Matt Barnes,76.0,28.8,10.0,9.1,38.1,4.9,32.2,5.5,2.1,1.6,1.0,0.8,3.5,48.6,0.7,27.8,0.4,1.4,4.2,33.0,17.4,11.7,9.5,17.5,79
Matthew Dellavedova,76.0,24.6,7.5,6.7,40.5,3.1,41.0,2.1,4.4,1.5,0.6,0.1,2.4,41.7,1.2,38.2,0.1,5.5,2.2,45.7,15.4,26.5,4.3,15.5,76
Meyers Leonard,61.0,21.8,8.4,7.1,44.8,3.7,37.7,5.1,1.5,1.3,0.1,0.3,1.5,53.3,1.9,50.0,0.9,0.9,3.6,39.6,18.9,10.3,11.5,17.4,85
Michael Carter-Williams,54.0,30.5,11.5,10.3,45.2,1.0,27.3,5.1,5.2,2.8,1.5,0.8,6.6,51.5,2.6,36.6,0.9,11.5,0.8,27.9,18.7,26.4,8.5,20.6,78
Michael Kidd-Gilchrist,7.0,29.2,12.7,8.7,54.1,1.0,42.9,6.4,1.3,1.1,0.4,0.4,6.4,57.8,1.3,44.4,0.7,3.9,1.0,42.9,21.7,6.9,10.4,17.3,79
Mike Conley,56.0,31.4,15.3,12.4,42.2,3.8,36.3,2.9,6.1,1.5,1.2,0.3,5.8,48.3,2.9,38.8,0.0,10.6,2.2,36.4,24.8,32.4,4.8,22.5,73
Mike Dunleavy,31.0,22.7,7.2,6.1,41.0,3.2,39.4,2.7,1.3,0.8,0.5,0.3,2.1,47.6,0.7,26.1,0.5,1.4,2.8,41.9,15.6,7.6,5.8,14.1,81
Mirza Teletovic,79.0,21.3,12.2,9.8,42.7,5.8,39.3,3.8,1.1,1.1,0.4,0.3,2.4,54.2,1.5,36.1,2.4,2.2,5.3,39.8,27.0,8.8,8.6,22.9,81
Monta Ellis,81.0,33.8,13.8,12.6,42.7,3.5,30.9,3.3,4.7,2.5,1.9,0.5,4.5,53.3,4.7,40.1,0.2,6.8,2.2,32.0,19.9,22.2,4.8,20.8,75
Myles Turner,60.0,22.8,10.3,8.8,49.8,0.2,21.4,5.5,0.7,1.1,0.4,1.4,3.8,63.2,4.8,41.0,3.5,0.4,0.2,21.4,21.8,5.0,11.7,20.7,83
Nerlens Noel,67.0,29.3,11.1,8.8,52.1,0.0,50.0,8.1,1.8,2.4,1.8,1.5,7.0,60.0,1.7,24.3,2.7,2.0,0.0,50.0,18.5,10.7,13.4,18.7,83
Nicolas Batum,70.0,35.0,14.9,12.5,42.6,5.7,34.8,6.1,5.8,2.9,0.9,0.6,3.0,60.0,3.8,40.3,1.8,5.3,4.1,36.5,21.1,26.2,8.6,20.9,80
Nik Stauskas,73.0,24.8,8.5,7.5,38.5,4.5,32.6,2.5,1.9,1.3,0.6,0.3,2.4,50.0,0.6,40.9,0.0,5.4,3.4,36.3,16.3,11.9,4.9,16.3,78
Nikola Jokic,80.0,21.7,10.0,7.5,51.2,1.1,33.3,7.0,2.4,1.3,1.0,0.6,5.4,57.4,1.1,39.3,3.3,0.6,0.9,36.8,22.8,17.6,15.9,19.4,82
Nikola Mirotic,66.0,24.9,11.8,9.2,40.7,5.2,39.0,5.5,1.5,1.5,0.9,0.7,2.6,50.0,1.3,29.2,1.9,2.0,4.7,42.2,23.0,9.5,10.6,20.9,82
Nikola Vucevic,65.0,31.3,18.2,16.1,51.0,0.1,22.2,8.9,2.8,1.9,0.8,1.1,8.4,56.0,7.6,46.0,10.6,2.6,0.1,25.0,28.8,15.4,14.2,26.5,84
Norris Cole,45.0,26.6,10.6,10.8,40.5,2.3,32.4,3.4,3.7,1.7,0.8,0.1,3.8,44.7,4.7,40.1,0.0,6.3,1.6,38.6,19.3,21.9,6.3,21.2,74
O.J. Mayo,41.0,26.6,7.8,7.8,37.1,4.0,32.1,2.6,2.9,1.8,1.2,0.2,1.9,42.1,2.0,43.8,0.3,3.0,3.2,33.3,14.6,15.6,4.8,16.5,77
Omri Casspi,69.0,27.3,11.8,9.0,48.1,4.0,40.9,5.9,1.4,1.4,0.8,0.2,4.8,54.2,0.2,18.8,0.2,3.8,3.2,40.6,20.4,7.4,10.4,17.4,81
Otto Porter Jr.,75.0,30.3,11.6,9.6,47.3,3.6,36.7,5.2,1.6,0.9,1.4,0.4,3.1,61.3,2.8,47.4,0.4,2.0,3.3,38.1,18.4,7.6,8.6,15.9,80
P.J. Tucker,82.0,31.0,8.0,7.1,41.1,2.5,33.0,6.2,2.2,1.4,1.3,0.2,3.8,47.4,0.7,33.3,1.2,2.5,2.2,36.7,12.4,10.4,9.8,12.5,78
Patrick Beverley,71.0,28.7,9.9,8.4,43.4,4.4,40.0,3.5,3.4,1.3,1.3,0.4,3.2,50.0,0.8,46.4,0.1,6.5,3.4,41.8,16.8,17.5,6.1,15.3,73
Patrick Patterson,79.0,25.6,6.9,6.2,41.4,3.7,36.2,4.3,1.2,0.8,0.7,0.4,1.8,55.6,0.7,35.1,0.1,2.0,3.6,36.2,13.7,7.0,8.5,12.7,81
Patty Mills,81.0,20.5,8.5,7.6,42.5,4.0,38.4,2.0,2.8,0.9,0.7,0.1,1.3,61.5,2.3,40.0,0.0,2.6,3.0,41.1,20.4,19.7,4.8,18.9,72
Pau Gasol,72.0,31.8,16.5,13.8,46.9,1.0,34.8,11.0,4.1,2.3,0.6,2.0,6.2,50.0,6.7,45.9,7.3,2.4,0.9,34.3,25.5,21.5,16.1,24.4,84
Paul George,81.0,34.8,23.1,17.9,41.8,7.0,37.1,7.0,4.1,3.3,1.9,0.4,5.0,54.0,5.9,37.0,2.2,7.6,4.5,38.7,32.2,20.3,9.7,29.6,81
Paul Millsap,81.0,32.7,17.1,13.2,47.0,2.9,31.9,9.0,3.3,2.4,1.8,1.7,7.9,53.2,2.4,42.0,5.3,5.6,2.6,32.5,25.5,16.2,13.4,23.8,80
Rajon Rondo,72.0,35.2,11.9,10.9,45.4,2.4,36.5,6.0,11.7,3.9,2.0,0.1,6.0,53.3,2.5,34.4,0.1,13.0,1.5,36.9,15.9,47.3,8.3,18.6,73
Ramon Sessions,82.0,20.3,9.9,7.2,47.3,1.4,32.4,2.5,2.9,1.4,0.6,0.1,4.9,49.0,1.0,50.6,0.0,6.7,1.1,34.8,23.1,22.8,6.1,21.4,75
Randy Foye,81.0,20.3,5.9,6.0,35.1,3.1,30.0,1.9,2.0,1.1,0.5,0.4,1.6,50.0,1.2,32.3,0.0,3.4,2.2,29.1,14.3,14.4,4.5,15.7,76
Raymond Felton,80.0,27.4,9.5,8.5,40.6,2.7,28.2,3.2,3.6,1.5,0.9,0.2,3.8,52.6,2.1,36.5,0.0,7.1,1.7,31.4,17.3,20.5,5.8,17.9,73
Reggie Jackson,79.0,30.7,18.8,15.7,43.4,4.2,35.3,3.2,6.2,2.8,0.7,0.1,8.4,48.8,3.2,39.9,0.1,15.4,1.6,36.2,30.4,34.4,5.1,28.3,75
Ricky Rubio,76.0,30.6,10.1,7.7,37.4,2.5,32.6,4.3,8.7,2.5,2.1,0.1,2.1,42.9,3.2,35.4,0.1,8.7,2.2,33.5,16.3,40.2,7.2,17.3,76
Robert Covington,67.0,28.4,12.8,10.6,38.5,7.2,35.3,6.3,1.4,2.1,1.6,0.6,2.9,48.3,0.5,34.3,0.1,4.7,6.2,37.6,21.6,8.3,10.6,20.9,81
Robin Lopez,82.0,27.1,10.3,8.1,53.9,0.0,0.0,7.3,1.4,1.6,0.2,1.6,6.9,58.0,1.1,34.8,7.5,0.4,0.0,0.0,19.4,8.3,13.3,17.4,84
Rodney Hood,79.0,32.2,14.5,12.3,42.0,5.7,35.9,3.4,2.7,1.6,0.9,0.2,4.4,47.7,2.2,44.9,0.4,7.4,3.7,38.3,23.8,14.2,5.6,21.5,80
Rodney Stuckey,58.0,22.0,8.9,7.6,41.3,1.4,24.1,2.7,2.4,1.3,0.7,0.1,3.4,50.0,2.9,38.6,0.2,3.9,1.1,24.2,19.9,17.9,6.0,20.2,77
Rondae Hollis-Jefferson,29.0,21.2,5.8,4.8,45.7,0.5,28.6,5.3,1.5,0.9,1.3,0.6,2.8,46.4,1.4,45.2,0.8,2.9,0.4,25.0,13.3,10.0,12.0,13.1,79
Roy Hibbert,81.0,23.2,5.9,5.1,44.3,0.0,0.0,4.9,1.2,0.9,0.4,1.4,3.1,48.4,2.0,39.6,3.3,0.1,0.0,0.0,12.7,8.2,10.0,13.0,86
Rudy Gay,70.0,34.0,17.2,14.4,46.3,3.1,34.4,6.5,1.7,2.0,1.4,0.7,7.8,52.6,3.5,43.4,3.3,5.4,2.5,33.1,24.1,7.8,9.4,22.2,80
Rudy Gobert,61.0,31.7,9.1,5.8,55.9,0.0,0.0,11.0,1.5,1.9,0.7,2.2,5.7,56.1,0.1,22.2,0.7,0.6,0.0,0.0,15.1,7.3,18.0,14.3,85
Russell Westbrook,80.0,34.4,23.5,18.1,45.4,4.3,29.6,7.8,10.4,4.3,2.0,0.3,9.6,54.2,4.2,42.9,1.4,16.1,1.2,33.3,33.2,46.8,10.9,31.1,75
Ryan Anderson,66.0,30.4,17.0,14.1,42.7,5.4,36.6,6.0,1.1,1.4,0.6,0.4,4.5,46.7,4.2,44.9,4.3,2.5,4.7,36.6,27.0,5.9,9.7,23.8,82
Serge Ibaka,78.0,32.1,12.6,11.1,47.9,2.4,32.6,6.8,0.8,1.4,0.5,1.9,4.1,61.0,4.7,45.5,0.6,0.9,2.3,32.8,19.2,3.7,10.3,17.4,82
Shabazz Muhammad,82.0,20.5,10.5,8.3,46.5,1.9,28.9,3.3,0.6,0.9,0.3,0.1,5.0,56.0,1.5,36.3,1.5,2.6,1.8,30.3,25.2,5.5,8.2,22.2,78
Shane Larkin,78.0,22.4,7.3,6.4,44.2,1.4,36.1,2.3,4.4,1.9,1.2,0.2,3.2,53.1,1.9,34.7,0.0,7.6,0.7,35.7,16.0,30.0,5.2,17.2,71
Shelvin Mack,52.0,20.3,8.6,8.0,43.9,2.4,31.2,2.5,3.6,1.8,0.7,0.1,4.3,53.5,1.5,37.3,0.0,9.7,1.2,33.3,21.7,29.2,6.3,22.9,75
Stanley Johnson,73.0,23.1,8.1,8.2,37.5,2.8,30.7,4.2,1.6,1.6,0.8,0.2,3.7,45.9,1.7,31.0,0.7,4.2,2.1,34.6,17.2,11.3,8.6,19.1,79
Stephen Curry,79.0,34.2,30.1,20.2,50.4,11.2,45.4,5.4,6.7,3.3,2.1,0.2,6.5,61.5,2.5,42.5,0.3,8.0,4.7,47.7,41.1,31.5,7.6,31.4,75
Steven Adams,80.0,25.2,8.0,5.3,61.3,0.0,0.0,6.7,0.8,1.1,0.5,1.1,5.1,62.7,0.2,42.9,0.9,0.2,0.0,0.0,15.5,4.2,12.6,12.5,84
T.J. Warren,47.0,22.8,11.0,9.4,50.1,1.5,40.0,3.1,0.9,0.7,0.8,0.3,4.7,57.4,3.2,45.3,0.3,2.7,1.3,41.0,23.0,6.8,6.8,19.5,80
Taj Gibson,73.0,26.5,8.6,6.8,52.6,0.0,0.0,6.9,1.5,1.1,0.6,1.1,5.1,56.9,1.7,38.9,3.9,0.4,0.0,0.0,16.2,8.3,12.2,14.4,81
Terrence Jones,50.0,20.9,8.7,7.3,45.2,1.6,31.6,4.2,0.8,1.0,0.5,0.8,5.2,50.0,0.6,34.5,1.2,2.4,1.3,31.7,20.1,6.9,10.0,19.0,81
Terrence Ross,73.0,23.9,9.9,8.6,43.1,4.6,38.6,2.5,0.8,0.6,0.7,0.3,1.6,62.5,2.3,39.4,0.0,2.0,3.9,41.1,20.9,5.3,5.2,17.8,79
Thabo Sefolosha,75.0,23.4,6.4,4.9,50.7,1.6,34.1,4.5,1.4,0.9,1.1,0.5,2.4,66.7,0.8,47.5,0.2,1.9,1.5,35.1,13.4,9.3,9.2,12.1,79
Thaddeus Young,73.0,33.0,15.1,13.2,51.4,0.4,23.3,9.0,1.9,1.9,1.5,0.5,10.0,57.0,2.8,37.1,4.0,3.3,0.3,20.8,22.8,9.4,14.2,21.7,80
Tim Duncan,61.0,25.2,8.6,7.2,48.8,0.0,0.0,7.3,2.7,1.5,0.8,1.3,5.3,56.6,1.9,30.4,3.8,0.3,0.0,0.0,17.2,15.3,14.8,17.1,83
Tobias Harris,76.0,33.1,14.7,11.7,46.9,3.1,33.5,6.7,2.2,1.4,0.9,0.5,6.5,55.4,2.1,38.2,2.7,5.3,2.9,34.1,22.2,10.6,10.1,19.2,81
Toney Douglas,61.0,20.7,8.7,7.3,41.1,3.3,39.9,2.3,2.6,1.0,1.1,0.1,2.4,45.8,1.6,35.1,0.1,4.6,1.4,46.6,20.3,18.8,5.6,18.9,74
Tony Allen,64.0,25.3,8.4,7.3,45.8,0.7,35.7,4.6,1.1,1.2,1.7,0.3,5.6,48.2,1.1,37.1,0.4,3.0,0.7,35.7,17.0,6.8,9.4,16.7,76
Tony Parker,72.0,27.5,11.9,9.9,49.3,0.9,41.5,2.4,5.3,1.8,0.8,0.2,5.0,56.0,3.9,42.5,0.1,12.3,0.8,37.9,22.0,29.4,4.6,21.1,74
Tony Snell,64.0,20.3,5.3,5.3,37.2,2.4,36.1,3.1,1.0,0.8,0.3,0.3,2.0,40.0,1.0,36.1,0.1,2.5,2.2,35.0,12.7,7.0,6.8,13.4,79
Trevor Ariza,81.0,35.3,12.7,10.6,41.6,6.2,37.1,4.5,2.3,1.4,2.0,0.3,3.3,57.6,1.1,28.6,0.2,5.0,5.2,38.5,17.5,10.0,6.4,15.6,80
Trevor Booker,79.0,20.7,5.9,4.9,49.0,0.5,29.3,5.7,1.1,1.0,0.7,0.5,3.9,53.8,0.5,22.0,0.8,1.0,0.5,30.0,14.6,8.3,14.0,14.1,80
Trey Burke,64.0,21.3,10.6,9.9,41.3,4.0,34.4,1.8,2.3,1.3,0.5,0.1,3.1,48.4,2.8,46.1,0.0,6.4,3.0,40.0,25.5,20.1,4.1,24.2,73
Tristan Thompson,82.0,27.7,7.8,5.1,58.8,0.0,0.0,9.0,0.8,0.7,0.5,0.6,4.9,61.2,0.2,29.4,0.5,0.4,0.0,0.0,14.4,4.0,16.2,11.4,81
Ty Lawson,66.0,21.4,5.7,5.4,39.3,1.6,33.3,1.8,3.6,1.4,0.8,0.1,2.0,50.0,1.7,30.7,0.0,7.6,1.1,37.0,12.5,25.1,4.0,14.5,71
Tyler Johnson,36.0,24.0,8.7,6.8,48.6,2.0,38.0,3.0,2.2,1.3,0.7,0.4,3.2,56.3,1.7,47.5,0.1,5.1,1.9,38.2,18.6,15.1,6.4,16.7,76
Tyreke Evans,25.0,30.6,15.2,12.6,43.3,3.4,38.8,5.2,6.6,2.9,1.3,0.3,7.5,46.7,1.7,38.1,1.2,12.9,1.6,41.0,25.2,36.6,8.4,25.4,78
Tyson Chandler,66.0,24.5,7.2,4.8,58.3,0.0,0.0,8.7,1.0,1.4,0.5,0.7,4.3,62.8,0.5,12.9,0.9,0.2,0.0,0.0,14.2,6.4,17.4,12.6,85
Victor Oladipo,72.0,33.0,16.0,13.5,43.8,3.9,34.8,4.8,3.9,2.1,1.6,0.8,5.8,50.0,3.8,43.2,0.1,8.0,2.9,35.4,23.8,18.2,7.1,22.4,76
Wayne Ellington,76.0,21.2,7.7,7.4,38.9,3.5,35.8,2.3,1.1,0.6,0.6,0.1,1.3,53.8,2.5,35.4,0.0,1.6,2.7,39.1,17.9,8.2,5.3,17.2,76
Wesley Johnson,80.0,20.8,6.9,6.4,40.4,3.9,33.3,3.1,0.6,0.7,1.1,0.7,1.1,63.6,1.5,38.8,0.2,0.3,3.6,34.0,15.8,4.5,7.2,15.3,79
Wesley Matthews,78.0,33.9,12.5,10.9,38.8,6.7,36.0,3.1,1.9,1.0,1.0,0.2,2.3,47.8,1.9,41.1,2.4,3.5,5.0,39.6,18.6,8.8,4.5,17.1,77
Will Barton,82.0,28.7,14.4,12.0,43.2,4.0,34.5,5.8,2.5,1.7,0.9,0.5,5.9,52.5,2.1,34.1,0.1,7.3,2.7,36.2,24.7,14.7,9.9,22.6,78
Willie Cauley-Stein,66.0,21.4,7.0,5.1,56.3,0.0,0.0,5.3,0.6,0.7,0.7,1.0,4.5,60.0,0.6,31.6,0.7,0.4,0.0,0.0,15.6,3.8,12.2,13.1,84
Zach LaVine,82.0,28.0,14.0,11.7,45.2,3.9,38.9,2.8,3.1,1.9,0.8,0.2,4.4,59.1,3.4,35.1,0.1,4.5,2.0,42.9,24.4,18.7,5.1,22.8,77
Zach Randolph,68.0,29.7,15.3,13.3,47.5,0.4,23.1,7.8,2.1,1.5,0.6,0.2,8.3,51.8,4.7,43.1,12.5,1.8,0.3,26.3,26.4,12.5,13.6,24.7,81
Zaza Pachulia,76.0,26.4,8.6,6.2,46.6,0.0,0.0,9.4,1.7,1.6,0.8,0.3,4.8,50.0,1.4,28.4,0.9,1.1,0.0,0.0,16.5,10.1,18.0,16.3,83
