Player,GP,MIN,PTS,FGA,FG%,3PA,3P%,REB,AST,TO,STL,BLK,Close FGA,Close FG%,Mid FGA,Mid FG%,Post_Ups,Drives,CS_3PA,CS_3P%,PP100Pos,AST %,REB %,USG %,Height
Aaron Gordon,80.0,28.7,12.7,10.8,45.4,3.3,28.8,5.1,1.9,1.1,0.8,0.5,5.1,60.8,2.4,36.1,1.1,3.5,2.4,31.6,21.8,9.7,8.6,19.7,81
Al Horford,68.0,32.3,14.0,11.8,47.3,3.6,35.5,6.8,5.0,1.7,0.8,1.3,5.1,56.9,3.1,43.8,7.5,2.7,3.5,35.0,21.3,23.9,10.5,19.6,82
Al-Farouq Aminu,61.0,29.1,8.7,7.6,39.3,3.5,33.0,7.4,1.6,1.5,1.0,0.7,3.6,44.4,0.6,31.6,0.4,4.1,3.3,33.8,14.8,8.2,12.6,15.5,81
Alex Len,77.0,20.3,8.0,6.0,49.7,0.2,25.0,6.6,0.6,1.3,0.5,1.3,4.7,55.3,1.2,29.8,2.8,0.3,0.1,37.5,18.6,4.3,15.4,17.4,85
Alex Poythress,6.0,26.1,10.7,9.0,46.3,3.2,31.6,4.8,0.8,0.5,0.5,0.3,5.2,55.8,0.7,50.0,0.0,3.2,3.2,31.6,19.7,5.2,9.2,16.2,79
Allen Crabbe,79.0,28.5,10.7,8.2,46.8,3.8,44.4,2.9,1.2,0.8,0.7,0.3,2.2,54.5,2.2,42.3,0.0,2.3,3.6,45.9,18.1,6.3,5.0,14.6,78
Amir Johnson,80.0,20.1,6.5,4.6,57.6,0.8,40.9,4.6,1.8,1.0,0.6,0.8,3.7,62.2,0.2,30.8,0.9,0.6,0.7,42.1,16.1,12.5,11.3,13.6,81
Andre Drummond,81.0,29.7,13.6,11.2,53.0,0.1,28.6,13.8,1.1,1.9,1.5,1.1,9.8,56.1,1.3,37.7,5.0,0.9,0.0,0.0,23.1,6.0,22.9,22.2,83
Andre Iguodala,76.0,26.3,7.6,5.5,52.8,2.3,36.2,4.0,3.4,0.8,1.0,0.5,2.3,69.6,0.8,50.8,0.7,1.4,2.0,35.7,13.6,16.9,7.4,11.1,78
Andre Roberson,79.0,30.1,6.6,5.9,46.4,2.3,24.5,5.1,1.0,0.6,1.2,1.0,3.4,64.7,0.1,28.6,0.1,1.2,2.2,25.0,10.6,4.5,8.1,9.9,79
Andrew Bogut,27.0,21.6,2.9,3.0,46.9,0.0,0.0,8.1,1.8,1.6,0.5,0.9,2.9,48.3,0.1,66.7,1.3,0.3,0.0,0.0,7.0,13.3,18.9,10.4,84
Andrew Harrison,72.0,20.5,5.9,5.0,32.5,2.2,27.6,1.9,2.8,1.2,0.7,0.3,2.0,40.0,0.9,25.8,0.1,5.7,1.2,29.5,14.7,20.9,4.6,16.2,78
Andrew Wiggins,82.0,37.2,23.6,19.1,45.2,3.5,35.6,4.0,2.3,2.3,1.0,0.4,8.4,56.0,7.2,37.9,4.1,9.6,2.2,40.1,31.5,10.4,5.6,28.6,80
Anthony Davis,75.0,36.1,28.0,20.3,50.5,1.8,29.9,11.8,2.1,2.4,1.3,2.2,10.9,59.6,7.6,42.8,6.5,5.1,1.7,31.0,37.6,11.0,15.5,32.1,83
Anthony Tolliver,65.0,22.7,7.1,5.4,44.2,3.5,39.1,3.6,1.2,0.9,0.5,0.3,1.3,61.5,0.5,29.4,0.8,1.3,3.4,40.5,15.3,7.7,8.4,13.3,80
Arron Afflalo,61.0,25.9,8.4,6.9,44.0,2.5,41.1,2.0,1.3,0.7,0.3,0.1,2.0,50.0,2.4,40.8,1.9,2.1,2.2,42.9,16.3,7.7,4.2,14.3,77
Austin Rivers,74.0,27.8,12.0,9.9,44.2,4.0,37.1,2.2,2.8,1.6,0.6,0.1,5.0,52.0,0.8,32.8,0.1,8.4,2.4,39.1,21.2,15.5,3.9,19.8,76
Avery Bradley,55.0,33.4,16.3,14.1,46.3,5.0,39.0,6.1,2.2,1.6,1.2,0.2,5.1,56.9,4.0,41.7,0.0,3.9,3.5,38.7,23.9,10.7,9.0,21.5,74
Bismack Biyombo,81.0,22.1,6.0,4.2,52.8,0.0,0.0,7.0,0.9,1.2,0.3,1.1,3.7,56.8,0.4,27.8,1.1,0.1,0.0,0.0,13.6,6.5,15.3,13.4,81
Blake Griffin,61.0,34.0,21.6,15.9,49.3,1.9,33.6,8.1,4.9,2.3,0.9,0.4,8.7,57.5,5.3,42.5,7.2,3.9,1.5,37.2,31.3,23.5,12.2,27.6,82
Bojan Bogdanovic,81.0,25.7,13.7,10.4,44.5,4.8,36.7,3.4,1.4,1.6,0.4,0.1,4.3,55.8,1.4,36.4,0.4,5.2,3.7,38.7,25.1,8.6,6.5,21.9,80
Bradley Beal,77.0,34.9,23.1,17.2,48.2,7.2,40.4,3.1,3.5,2.0,1.1,0.3,6.4,56.3,3.7,47.9,0.4,8.5,5.0,42.1,32.1,15.4,4.5,25.8,77
Brandon Ingram,79.0,28.9,9.4,8.7,40.2,2.4,29.4,4.0,2.1,1.5,0.6,0.5,4.0,50.0,2.3,37.2,1.2,4.8,2.1,31.9,15.7,10.5,6.8,16.6,81
Brandon Jennings,81.0,22.2,7.1,6.6,35.9,3.1,31.3,2.4,4.9,1.6,0.9,0.0,2.3,39.1,1.2,36.6,0.0,6.0,1.2,35.8,15.5,30.8,5.2,17.2,73
Brandon Knight,54.0,21.1,11.0,9.7,39.8,2.6,32.4,2.2,2.4,1.6,0.5,0.1,4.3,44.2,2.9,36.3,0.0,7.1,1.3,31.0,24.6,19.4,5.0,24.8,75
Brandon Rush,47.0,21.9,4.2,4.0,37.4,2.4,38.6,2.1,1.0,0.6,0.5,0.5,0.9,33.3,0.7,32.3,0.0,1.1,2.4,39.6,9.6,5.8,5.0,9.7,78
Brook Lopez,75.0,29.6,20.5,15.6,47.4,5.2,34.6,5.4,2.3,2.5,0.5,1.7,8.7,56.3,1.8,40.7,9.8,3.3,4.8,34.3,32.2,14.3,8.5,28.6,84
Buddy Hield,82.0,23.0,10.6,9.4,42.6,4.6,39.1,3.3,1.5,1.2,0.5,0.1,3.1,51.6,1.7,36.0,0.1,4.2,2.9,42.4,22.3,10.1,7.0,20.9,76
CJ McCollum,80.0,34.9,23.0,18.0,48.0,5.5,42.1,3.6,3.6,2.2,0.9,0.5,6.5,53.8,6.0,47.7,0.2,10.1,3.5,42.1,31.9,17.5,5.1,26.8,75
CJ Miles,76.0,23.4,10.7,8.5,43.4,5.4,41.3,3.0,0.6,0.5,0.6,0.3,1.9,57.9,1.3,35.7,0.1,1.6,4.8,42.1,22.6,4.1,6.5,17.9,78
Caris LeVert,57.0,21.7,8.2,6.7,45.0,3.2,32.1,3.3,1.9,1.0,0.9,0.1,2.8,60.7,0.7,48.7,0.1,5.0,2.0,33.3,17.4,13.2,7.1,16.1,79
Carmelo Anthony,74.0,34.3,22.4,18.8,43.3,5.7,35.9,5.9,2.9,2.1,0.8,0.5,4.1,48.8,9.0,45.4,6.3,2.3,3.6,42.3,32.3,14.1,8.2,28.6,80
Chris Paul,61.0,31.5,18.1,12.9,47.6,5.0,41.1,5.0,9.2,2.4,2.0,0.1,2.6,57.7,5.3,50.9,1.6,9.7,1.3,49.4,28.4,44.4,8.0,23.9,72
Clint Capela,65.0,23.9,12.6,8.7,64.3,0.0,0.0,8.1,1.0,1.3,0.5,1.2,8.5,64.7,0.1,33.3,0.5,0.6,0.0,0.0,25.4,6.6,16.7,19.9,82
Cody Zeller,62.0,27.8,10.3,7.1,57.1,0.0,0.0,6.5,1.6,1.0,1.0,0.9,6.2,61.3,1.0,28.3,0.7,1.3,0.0,0.0,18.5,8.7,11.6,15.3,84
Cory Joseph,80.0,25.0,9.3,8.3,45.2,1.7,35.6,2.9,3.3,1.4,0.8,0.2,4.2,52.4,2.4,41.8,0.1,7.9,1.5,37.6,18.3,20.0,5.8,17.9,75
Courtney Lee,77.0,31.9,10.8,9.1,45.6,3.5,40.1,3.4,2.3,0.9,1.1,0.3,2.8,50.0,2.9,46.6,0.1,3.4,3.0,40.1,16.9,10.4,5.1,14.4,77
D'Angelo Russell,63.0,28.7,15.6,13.8,40.5,6.1,35.2,3.5,4.8,2.8,1.4,0.3,4.4,47.7,3.3,38.9,1.0,6.3,3.1,36.7,26.1,26.9,6.0,26.4,77
Damian Lillard,75.0,35.9,27.0,19.8,44.4,7.7,37.0,4.9,5.9,2.6,0.9,0.3,8.3,51.8,3.9,43.1,0.0,13.8,2.7,41.7,36.7,27.7,6.7,30.4,75
Danilo Gallinari,63.0,33.9,18.2,11.9,44.7,5.1,38.9,5.2,2.1,1.3,0.6,0.2,3.5,60.0,3.3,38.0,2.5,4.6,4.2,40.7,25.9,9.0,7.5,19.8,82
Danny Green,68.0,26.6,7.3,6.6,39.2,4.6,37.9,3.3,1.8,1.1,1.0,0.8,1.3,46.2,0.8,29.4,0.0,2.5,3.8,39.0,14.1,9.7,6.2,13.5,78
Dante Cunningham,66.0,25.0,6.6,5.4,48.5,2.7,39.2,4.2,0.6,0.4,0.6,0.4,1.9,63.2,0.8,44.0,0.1,0.6,2.6,41.0,12.8,3.1,8.2,10.7,80
Dario Saric,81.0,26.3,12.8,11.4,41.1,4.2,31.1,6.3,2.2,2.3,0.7,0.4,5.0,54.0,2.2,29.5,2.4,5.5,3.7,32.6,23.3,14.5,11.7,24.0,82
Darren Collison,68.0,30.3,13.2,10.5,47.6,2.6,41.7,2.2,4.6,1.7,1.0,0.1,4.2,52.4,3.7,46.4,0.0,7.1,1.6,47.3,21.9,24.3,3.9,19.5,72
DeAndre Jordan,81.0,31.7,12.7,7.1,71.4,0.0,0.0,13.8,1.2,1.4,0.6,1.7,7.1,71.8,0.0,0.0,2.1,0.1,0.0,0.0,19.8,5.4,21.7,15.2,83
DeMar DeRozan,74.0,35.4,27.3,20.9,46.7,1.7,26.6,5.2,3.9,2.4,1.1,0.2,9.1,56.0,10.1,41.2,2.0,15.3,1.1,31.7,38.3,20.4,7.4,33.7,79
DeMarcus Cousins,72.0,34.2,27.0,19.9,45.2,5.0,36.1,11.0,4.6,3.7,1.4,1.3,11.3,52.2,3.6,35.7,9.9,8.9,4.1,36.5,39.3,26.2,16.7,35.9,83
DeMarre Carroll,72.0,26.1,8.9,7.6,40.0,4.4,34.1,3.8,1.0,0.8,1.1,0.4,2.5,52.0,0.8,37.5,0.1,2.1,4.0,33.4,17.0,5.6,7.4,15.4,80
Dennis Schroder,79.0,31.5,17.9,15.4,45.1,3.7,34.0,3.1,6.3,3.3,0.9,0.2,7.9,50.6,3.8,45.6,0.1,15.5,1.9,39.6,27.7,34.0,4.8,27.2,73
Deron Williams,64.0,25.9,11.0,9.4,43.8,3.7,36.3,2.3,5.6,2.2,0.5,0.1,2.9,51.7,2.9,45.9,0.5,7.0,2.1,39.4,21.6,35.0,4.6,21.9,75
Derrick Favors,50.0,23.7,9.5,8.3,48.7,0.2,30.0,6.1,1.1,1.2,0.9,0.8,5.2,55.8,2.9,37.2,3.0,0.2,0.2,30.0,20.6,7.9,13.5,20.4,82
Derrick Rose,64.0,32.5,18.0,15.3,47.1,0.9,21.7,3.8,4.4,2.3,0.7,0.3,9.9,51.5,4.4,44.0,0.6,13.8,0.6,22.0,27.2,21.6,5.6,25.4,75
Devin Booker,78.0,35.0,22.1,18.3,42.3,5.2,36.3,3.2,3.4,3.1,0.9,0.3,6.6,51.5,6.6,38.7,2.2,8.6,3.3,36.9,29.8,16.0,4.4,28.0,78
Dion Waiters,46.0,30.1,15.8,14.4,42.4,4.7,39.5,3.3,4.3,2.2,0.9,0.4,6.2,46.8,3.5,38.8,0.1,14.0,3.2,43.5,26.1,23.4,5.4,26.0,76
Dirk Nowitzki,54.0,26.4,14.2,12.6,43.7,3.9,37.8,6.5,1.5,0.9,0.6,0.7,2.0,55.0,6.7,44.3,3.4,0.2,3.6,38.9,26.5,9.9,12.6,24.6,84
Domantas Sabonis,81.0,20.1,5.9,5.9,39.9,2.0,32.1,3.6,1.0,1.0,0.5,0.4,3.0,43.3,1.0,40.7,1.7,1.5,1.9,32.9,14.4,7.3,8.6,15.6,83
Dorian Finney-Smith,81.0,20.3,4.3,4.1,37.2,2.4,29.3,2.7,0.8,0.6,0.6,0.3,1.4,57.1,0.4,25.8,0.1,1.9,2.2,30.5,11.0,6.1,7.1,11.5,80
Doug McDermott,66.0,22.8,9.0,7.5,44.7,3.2,37.0,2.7,0.9,0.6,0.2,0.1,2.5,56.0,1.8,44.6,0.4,1.6,3.0,37.8,19.4,6.0,5.8,16.2,80
Draymond Green,76.0,32.5,10.2,8.6,41.8,3.5,30.8,7.9,7.0,2.4,2.0,1.4,4.6,52.2,0.4,20.6,3.7,2.3,3.3,32.0,14.7,27.2,11.7,15.9,79
Dwight Howard,74.0,29.7,13.5,8.3,63.3,0.0,0.0,12.7,1.4,2.3,0.9,1.2,7.5,68.0,0.7,26.4,3.6,0.5,0.0,0.0,22.4,7.6,20.7,19.0,83
Dwyane Wade,60.0,29.9,18.3,15.9,43.4,2.4,31.0,4.5,3.8,2.3,1.4,0.7,7.2,51.4,6.3,39.6,3.1,9.2,1.0,28.8,30.2,22.1,7.2,28.9,76
E'Twaun Moore,73.0,24.9,9.6,8.5,45.7,2.8,37.0,2.1,2.2,0.8,0.7,0.4,3.5,57.1,2.1,37.3,0.3,4.8,2.4,36.2,18.5,13.8,4.0,17.1,76
Elfrid Payton,82.0,29.4,12.8,11.1,47.1,1.8,27.4,4.7,6.5,2.2,1.1,0.5,7.5,53.3,1.9,38.8,0.2,11.9,1.5,27.6,21.2,32.9,7.7,21.1,76
Emmanuel Mudiay,55.0,25.6,11.0,10.0,37.7,3.2,31.5,3.2,3.9,2.2,0.7,0.2,5.2,44.2,1.6,30.3,0.1,9.4,2.4,36.2,20.4,22.2,6.2,22.2,77
Enes Kanter,72.0,21.3,14.3,10.2,54.5,0.5,13.2,6.7,0.9,1.7,0.4,0.5,8.0,61.3,1.6,38.5,7.7,0.7,0.5,13.5,32.8,7.8,15.6,27.1,83
Eric Bledsoe,66.0,33.0,21.1,15.7,43.4,4.7,33.5,4.8,6.3,3.4,1.4,0.5,7.1,54.9,3.9,35.1,0.5,15.0,1.9,36.6,30.2,30.9,7.2,27.5,73
Eric Gordon,75.0,31.0,16.2,13.5,40.6,8.8,37.2,2.7,2.5,1.6,0.6,0.5,4.0,50.0,0.7,26.8,0.1,6.1,6.5,37.3,24.8,12.5,4.0,21.7,76
Ersan Ilyasova,82.0,26.1,13.1,10.9,43.1,4.9,35.3,5.9,1.7,1.4,0.7,0.3,3.8,52.6,2.2,42.8,1.2,1.6,3.9,38.5,23.9,10.7,10.8,21.6,82
Evan Fournier,68.0,32.8,17.2,13.7,43.9,5.3,35.6,3.1,3.0,2.1,1.0,0.1,6.4,53.1,2.0,38.5,0.1,9.0,3.7,37.0,25.6,14.4,4.5,22.9,79
Evan Turner,65.0,25.5,9.0,8.5,42.6,1.8,26.3,3.8,3.2,1.5,0.8,0.4,3.5,54.3,3.1,41.6,1.5,5.3,1.6,25.2,17.2,19.6,7.3,18.2,79
Frank Kaminsky,75.0,26.1,11.7,10.7,39.9,4.7,32.8,4.5,2.2,1.0,0.6,0.5,4.8,50.0,1.2,32.2,2.5,3.8,4.5,33.4,21.9,13.1,8.6,21.6,84
Garrett Temple,65.0,26.6,7.8,6.6,42.4,3.4,37.3,2.8,2.6,1.2,1.3,0.4,1.9,52.6,1.4,35.6,0.1,2.2,2.8,40.2,14.5,14.6,5.5,13.9,78
Gary Harris,57.0,31.3,14.9,11.2,50.2,4.5,42.0,3.1,2.9,1.3,1.2,0.1,5.5,60.0,1.2,37.9,0.0,5.6,3.7,46.0,22.9,12.9,5.1,18.3,76
George Hill,49.0,31.5,16.9,12.4,47.7,4.8,40.3,3.4,4.2,1.7,1.0,0.2,4.7,57.4,3.0,43.2,0.3,10.5,2.8,39.7,27.8,22.7,5.6,22.9,75
Gerald Henderson,72.0,23.2,9.2,7.7,42.3,2.4,35.3,2.6,1.6,0.9,0.6,0.2,2.7,51.9,2.7,38.7,0.5,3.3,2.1,37.2,19.1,10.8,5.5,17.5,77
Giannis Antetokounmpo,80.0,35.6,22.9,15.7,52.1,2.3,27.2,8.8,5.4,2.9,1.6,1.9,10.3,63.1,3.2,33.5,2.8,10.9,1.4,29.8,32.5,26.9,12.7,28.0,83
Glenn Robinson III,69.0,20.7,6.1,4.9,46.7,1.8,39.2,3.6,0.7,0.5,0.6,0.3,1.6,62.5,1.4,43.9,0.0,1.3,1.7,41.2,14.2,4.8,8.5,12.5,78
Goran Dragic,73.0,33.7,20.3,15.4,47.5,4.0,40.5,3.8,5.8,2.9,1.2,0.2,7.6,55.3,3.8,39.7,0.3,17.7,2.5,40.1,29.9,28.3,5.6,26.2,75
Gordon Hayward,73.0,34.5,21.9,15.8,47.1,5.1,39.8,5.4,3.5,1.9,1.0,0.3,6.2,61.3,4.4,38.4,1.0,9.2,3.4,39.1,33.0,17.9,8.1,26.9,80
Gorgui Dieng,82.0,32.4,10.0,8.1,50.2,0.5,37.2,7.9,1.9,1.3,1.1,1.2,4.4,54.5,3.2,45.2,1.4,0.6,0.4,41.7,15.5,8.6,12.6,14.0,83
Greg Monroe,81.0,22.5,11.7,9.0,53.3,0.0,0.0,6.6,2.3,1.7,1.1,0.5,7.7,55.8,1.2,42.3,5.4,1.5,0.0,0.0,26.0,16.5,15.5,23.8,83
Harrison Barnes,79.0,35.5,19.2,16.2,46.8,2.8,35.1,5.0,1.5,1.3,0.8,0.2,7.0,55.7,6.4,41.8,5.7,5.9,2.4,35.1,27.8,7.6,7.5,25.2,80
Hassan Whiteside,77.0,32.6,17.0,12.6,55.7,0.0,0.0,14.1,0.7,2.0,0.7,2.1,10.6,59.4,2.0,37.5,6.4,0.6,0.0,0.0,26.2,3.7,21.4,22.3,84
Iman Shumpert,76.0,25.5,7.5,6.4,41.1,3.4,36.0,2.9,1.4,1.0,0.8,0.4,1.4,50.0,1.6,44.4,0.1,2.5,2.9,34.6,14.5,8.0,5.6,14.0,77
Isaiah Thomas,76.0,33.8,28.9,19.4,46.3,8.5,37.9,2.7,5.9,2.8,0.9,0.2,8.9,53.9,2.0,48.7,0.1,16.8,3.6,41.2,41.7,30.5,4.0,33.2,69
Isaiah Whitehead,73.0,22.5,7.4,7.0,40.2,2.0,29.5,2.5,2.6,1.9,0.6,0.5,4.0,47.5,0.9,29.9,0.1,6.1,1.2,37.9,15.6,17.3,5.3,18.0,76
Ish Smith,81.0,24.1,9.4,9.2,43.9,1.3,26.7,2.9,5.2,1.4,0.8,0.4,4.7,48.9,3.2,44.4,0.0,9.6,0.8,31.3,19.1,31.9,5.8,20.1,72
J.J. Barea,35.0,22.0,10.9,9.8,41.4,4.2,35.8,2.4,5.5,1.8,0.4,0.0,3.4,47.1,2.2,42.3,0.0,8.4,1.3,45.7,24.6,42.1,5.7,25.4,72
JJ Redick,78.0,28.2,15.0,11.4,44.5,6.0,42.9,2.2,1.4,1.3,0.7,0.2,1.6,56.3,3.8,44.0,0.1,2.3,4.4,45.5,26.1,7.4,3.9,21.1,76
JR Smith,41.0,29.0,8.6,8.7,34.6,6.6,35.1,2.8,1.5,0.6,1.0,0.3,0.9,44.4,1.2,24.5,0.0,1.7,5.4,35.4,14.5,7.1,4.6,14.3,78
JaMychal Green,77.0,27.3,8.9,6.5,50.0,1.9,37.9,7.1,1.1,1.2,0.6,0.4,3.5,54.3,1.2,51.1,1.0,0.9,1.8,39.1,16.9,6.4,13.3,14.4,81
Jabari Parker,51.0,33.9,20.1,16.0,49.0,3.5,36.5,6.2,2.8,1.8,1.0,0.4,9.0,57.8,3.5,37.5,2.1,7.7,3.2,37.2,29.3,13.7,9.2,25.7,80
Jae Crowder,72.0,32.4,13.9,10.0,46.3,5.5,39.8,5.8,2.2,1.1,1.0,0.3,2.5,68.0,2.0,37.8,0.6,1.6,4.4,40.1,20.9,9.7,8.7,16.9,78
Jahlil Okafor,50.0,22.7,11.8,9.4,51.4,0.0,0.0,4.8,1.2,1.8,0.4,1.0,8.1,54.3,1.5,32.4,6.7,3.2,0.0,0.0,25.5,9.7,10.4,24.4,83
Jamal Crawford,82.0,26.3,12.3,10.6,41.3,3.9,36.0,1.6,2.6,1.6,0.7,0.2,2.8,42.9,4.0,43.3,0.0,4.3,1.9,35.7,22.6,15.9,3.0,22.0,77
Jamal Murray,82.0,21.5,9.9,8.9,40.4,4.2,33.4,2.6,2.1,1.4,0.6,0.3,3.2,53.1,1.5,37.9,0.0,4.4,2.5,36.9,21.9,14.2,5.9,21.2,76
Jameer Nelson,75.0,27.3,9.2,8.1,44.4,3.6,38.8,2.6,5.1,1.7,0.7,0.1,2.4,54.2,2.0,41.1,0.0,8.0,2.0,43.7,16.2,25.8,4.6,15.6,72
James Ennis III,64.0,23.4,6.7,5.0,45.5,2.1,37.2,4.0,1.0,0.9,0.7,0.3,2.5,52.0,0.4,32.0,0.3,1.8,1.8,37.1,14.5,6.7,8.5,12.7,79
James Harden,81.0,36.4,29.1,18.9,44.0,9.3,34.7,8.1,11.2,5.7,1.5,0.5,7.7,55.8,2.0,41.1,1.0,17.1,2.4,39.5,37.9,50.5,10.9,33.3,77
James Johnson,76.0,27.4,12.8,10.1,47.9,3.4,34.0,4.9,3.6,2.3,1.0,1.1,5.4,59.3,1.3,40.2,1.6,6.8,2.7,37.1,22.9,21.0,8.8,21.5,81
Jared Dudley,64.0,21.3,6.8,5.4,45.4,3.2,37.9,3.5,1.9,1.1,0.7,0.3,1.1,63.6,1.1,50.0,0.9,2.4,3.1,37.1,15.0,12.6,7.7,13.6,79
Jeff Green,69.0,22.2,9.2,8.1,39.4,2.8,27.5,3.1,1.2,1.1,0.5,0.2,3.4,50.0,1.9,36.8,1.6,2.7,2.3,28.2,20.4,8.9,6.5,20.0,81
Jeff Teague,82.0,32.4,15.3,11.1,44.2,3.1,35.7,4.0,7.8,2.6,1.2,0.4,6.3,47.6,1.7,45.4,0.2,13.6,1.5,38.9,23.1,35.9,6.3,21.9,74
Jeremy Lin,36.0,24.5,14.5,11.1,43.8,4.3,37.2,3.8,5.1,2.4,1.2,0.4,4.6,50.0,2.2,43.0,0.7,12.0,2.1,39.0,26.8,33.8,7.1,25.5,75
Jerryd Bayless,3.0,23.8,11.0,10.7,34.4,1.7,40.0,4.0,4.3,3.0,0.0,0.0,6.0,43.3,3.0,11.1,0.0,10.3,0.0,0.0,22.9,36.1,7.9,27.9,75
Jimmy Butler,76.0,37.0,23.9,16.5,45.5,3.3,36.7,6.2,5.5,2.1,1.9,0.4,7.0,55.7,6.2,38.4,3.5,14.1,1.6,44.2,32.1,24.3,8.1,26.1,79
Joakim Noah,46.0,22.1,5.0,4.4,49.0,0.0,0.0,8.8,2.2,1.3,0.7,0.8,4.2,52.4,0.1,20.0,0.7,0.8,0.0,0.0,11.3,13.8,18.7,12.4,83
Jodie Meeks,36.0,20.5,9.1,7.1,40.2,3.8,40.9,2.1,1.3,1.0,0.9,0.1,1.8,44.4,1.4,36.5,0.0,2.7,3.2,44.7,21.5,8.9,5.2,19.2,76
Joe Harris,52.0,21.9,8.2,7.0,42.5,4.3,38.5,2.8,1.0,1.1,0.6,0.2,2.3,52.2,0.5,30.8,0.0,3.0,3.5,39.4,17.3,7.6,5.8,15.9,78
Joe Ingles,82.0,24.1,7.1,5.5,45.2,3.4,44.1,3.2,2.7,1.3,1.2,0.1,1.5,53.3,0.7,25.9,0.2,4.2,2.4,46.0,15.0,16.8,7.0,13.5,80
Joe Johnson,78.0,23.6,9.2,8.0,43.6,3.3,41.1,3.1,1.8,0.9,0.5,0.2,2.7,55.6,2.1,35.6,1.7,3.5,2.6,42.4,19.9,12.5,6.9,18.1,79
Joel Embiid,31.0,25.4,20.2,13.8,46.6,3.2,36.7,7.8,2.1,3.8,0.9,2.5,7.3,53.4,3.4,41.3,10.9,3.9,2.7,38.1,38.2,17.4,15.2,35.6,84
John Wall,78.0,36.4,23.1,18.4,45.1,3.5,32.7,4.2,10.7,4.1,2.0,0.6,9.2,54.3,5.7,38.7,0.2,16.9,1.7,35.9,30.7,45.0,5.8,29.9,76
Jon Leuer,75.0,25.9,10.2,8.6,48.0,2.2,29.3,5.4,1.5,0.9,0.4,0.3,3.6,66.7,2.8,39.6,1.1,2.2,2.2,30.1,19.6,8.8,10.0,16.9,82
Jonas Valanciunas,80.0,25.8,12.0,8.8,55.7,0.0,50.0,9.5,0.7,1.3,0.5,0.8,6.7,59.7,2.1,41.8,4.4,0.6,0.0,50.0,23.4,4.3,18.8,19.3,84
Jordan Clarkson,82.0,29.2,14.7,13.1,44.5,4.3,32.9,3.0,2.6,2.0,1.1,0.1,6.0,55.0,2.6,41.7,0.2,8.5,2.5,35.6,24.0,14.3,5.0,22.8,77
Jordan Crawford,19.0,23.3,14.1,11.5,48.2,5.0,38.9,1.8,3.0,1.3,0.6,0.1,3.2,68.8,3.3,41.3,0.1,3.9,3.3,41.9,29.4,19.2,4.0,25.4,77
Josh Richardson,53.0,30.5,10.2,9.7,39.4,4.3,33.0,3.2,2.6,1.2,1.1,0.7,2.7,48.1,2.7,38.5,0.0,5.9,3.7,32.1,16.6,12.8,5.1,16.5,78
Jrue Holiday,67.0,32.7,15.4,13.3,45.4,4.2,35.6,3.9,7.3,2.9,1.5,0.7,6.4,54.7,2.8,39.4,0.3,12.1,1.2,30.1,22.7,35.5,5.7,23.2,76
Julius Randle,74.0,28.8,13.2,10.4,48.8,0.9,27.0,8.6,3.6,2.3,0.7,0.5,8.2,53.7,1.3,37.4,3.3,4.5,0.7,29.1,22.0,19.5,14.5,21.2,81
Justise Winslow,18.0,34.7,10.9,12.5,35.6,1.9,20.0,5.2,3.7,1.8,1.4,0.3,7.5,44.0,3.1,27.3,0.7,8.5,1.8,21.9,15.7,15.3,7.1,19.8,79
Jusuf Nurkic,65.0,21.4,10.2,8.2,50.7,0.0,0.0,7.2,1.9,2.2,0.8,1.1,7.3,53.4,0.9,31.0,5.0,0.3,0.0,0.0,23.1,14.2,16.1,23.2,84
Karl-Anthony Towns,82.0,37.0,25.1,18.0,54.2,3.4,36.7,12.3,2.7,2.6,0.7,1.3,11.3,62.8,3.5,43.7,11.0,3.5,3.0,38.7,34.1,12.7,17.3,27.1,84
Kawhi Leonard,74.0,33.4,25.5,17.7,48.5,5.2,38.0,5.8,3.5,2.1,1.8,0.7,6.2,58.1,6.3,47.3,3.7,11.3,3.2,43.0,38.6,18.2,8.9,30.6,79
Kelly Olynyk,75.0,20.5,9.0,6.8,51.2,2.6,35.4,4.8,2.0,1.3,0.6,0.4,3.3,69.7,0.9,36.8,1.2,2.4,2.4,35.4,21.4,15.9,11.3,18.5,84
Kelly Oubre Jr.,79.0,20.3,6.3,5.6,42.1,2.4,28.7,3.3,0.6,0.6,0.7,0.2,2.4,54.2,0.8,40.6,0.1,1.4,2.1,29.6,15.1,4.2,8.1,14.3,79
Kemba Walker,79.0,34.7,23.2,18.3,44.4,7.6,39.9,3.9,5.5,2.1,1.1,0.3,7.0,51.4,3.7,41.6,0.0,12.4,2.8,46.4,33.3,28.2,5.5,28.6,73
Kenneth Faried,61.0,21.2,9.6,6.8,54.8,0.1,0.0,7.6,0.9,1.0,0.7,0.7,6.2,58.1,0.5,23.3,1.1,0.8,0.1,0.0,21.8,6.4,17.5,17.9,80
Kent Bazemore,73.0,26.9,11.0,9.9,40.9,3.6,34.6,3.2,2.4,1.7,1.2,0.7,3.9,46.2,2.3,42.4,0.0,5.9,2.8,34.8,19.8,14.0,5.6,20.2,77
Kentavious Caldwell-Pope,76.0,33.3,13.8,12.2,39.9,5.8,35.0,3.3,2.5,1.1,1.2,0.2,3.2,46.9,3.3,40.2,0.0,2.9,3.8,36.7,20.6,11.1,4.8,18.7,77
Kevin Durant,62.0,33.4,25.1,16.5,53.7,5.0,37.5,8.3,4.8,2.2,1.1,1.6,7.4,67.6,4.2,47.3,3.7,5.5,3.4,43.1,35.0,21.8,12.2,27.1,81
Kevin Love,60.0,31.4,19.0,14.5,42.7,6.5,37.3,11.1,1.9,2.0,0.9,0.4,5.3,50.9,2.7,40.9,5.6,1.7,5.9,39.9,29.6,9.3,17.2,25.3,82
Khris Middleton,29.0,30.7,14.7,11.5,45.0,3.6,43.3,4.2,3.4,2.2,1.4,0.2,3.7,48.6,4.2,42.6,2.2,5.8,3.0,47.1,24.6,17.5,7.6,22.7,80
Klay Thompson,78.0,34.0,22.3,17.6,46.8,8.3,41.4,3.7,2.1,1.6,0.8,0.5,4.6,58.7,4.8,44.8,0.9,4.8,7.2,43.9,31.2,9.0,5.3,25.8,79
Kristaps Porzingis,66.0,32.8,18.1,14.9,45.0,4.8,35.7,7.2,1.5,1.8,0.7,2.0,5.9,54.2,4.3,41.8,4.0,2.8,4.5,36.4,27.1,7.3,10.5,24.0,87
Kyle Korver,67.0,26.2,10.1,7.7,46.4,5.4,45.1,2.8,1.6,1.0,0.5,0.3,0.5,60.0,1.8,46.7,0.1,0.6,4.4,46.4,18.6,9.3,5.3,14.7,79
Kyle Lowry,60.0,37.4,22.4,15.3,46.4,7.8,41.2,4.8,7.0,2.9,1.5,0.3,5.8,55.2,1.7,42.2,0.3,12.9,3.2,40.9,30.1,29.3,6.5,24.3,72
Kyrie Irving,72.0,35.1,25.2,19.7,47.3,6.1,40.1,3.2,5.8,2.5,1.2,0.3,7.9,51.9,5.7,47.6,0.9,11.9,2.4,46.8,35.4,27.8,4.5,29.5,75
LaMarcus Aldridge,72.0,32.4,17.3,14.6,47.7,0.8,41.1,7.3,1.9,1.4,0.6,1.2,5.9,57.6,7.9,41.2,10.1,0.9,0.7,40.0,27.4,10.0,11.5,24.8,83
Lance Stephenson,18.0,20.1,6.8,6.7,45.0,1.1,30.0,2.9,3.3,1.4,0.3,0.2,2.8,57.1,2.7,36.7,0.3,5.9,0.8,35.7,16.7,25.4,6.9,18.1,77
Lance Thomas,46.0,21.0,6.0,5.3,39.8,1.8,44.7,3.1,0.8,0.5,0.5,0.1,2.0,40.0,1.4,33.3,0.3,2.0,1.8,45.1,14.1,5.3,6.9,13.1,80
Langston Galloway,74.0,20.2,7.9,7.4,38.0,4.2,39.0,2.1,1.3,0.6,0.6,0.1,1.2,41.7,2.1,35.5,0.1,1.1,3.5,42.3,18.9,9.8,5.0,18.0,74
Larry Nance Jr.,63.0,22.9,7.1,5.7,52.6,0.6,27.8,5.9,1.5,0.9,1.3,0.6,3.5,62.9,1.6,38.8,1.0,0.4,0.5,29.4,14.9,9.6,12.7,13.3,81
LeBron James,74.0,37.8,26.4,18.2,54.8,4.6,36.3,8.6,8.7,4.1,1.2,0.6,9.9,69.7,3.6,36.2,3.9,11.3,1.6,39.3,34.6,38.8,11.4,29.2,80
Lou Williams,81.0,24.6,17.5,12.3,42.9,5.5,36.5,2.5,3.0,2.0,1.0,0.2,5.0,52.0,1.8,36.1,0.0,8.0,2.5,38.0,33.4,19.3,4.8,27.7,73
Luc Mbah a Moute,80.0,22.3,6.1,4.7,50.5,1.4,39.1,2.1,0.5,0.6,1.0,0.4,2.4,58.3,1.0,48.1,0.1,1.5,1.3,38.8,13.4,2.9,4.8,11.4,80
Luol Deng,56.0,26.5,7.6,7.6,38.7,2.9,30.9,5.3,1.3,0.8,0.9,0.4,3.0,53.3,1.7,24.0,0.9,2.1,2.3,32.8,13.8,7.3,9.6,14.1,81
Malcolm Brogdon,75.0,26.4,10.2,8.5,45.7,2.6,40.4,2.8,4.2,1.5,1.1,0.2,4.7,48.9,1.2,38.9,0.5,8.5,2.0,44.6,19.5,23.9,5.6,18.2,77
Marc Gasol,74.0,34.2,19.5,15.7,45.9,3.6,38.8,6.3,4.6,2.2,0.9,1.3,6.7,53.7,5.3,40.8,10.7,2.5,3.4,39.4,29.4,24.6,9.4,26.2,85
Marcin Gortat,82.0,31.2,10.8,8.2,57.9,0.0,0.0,10.4,1.5,1.5,0.5,0.7,6.9,60.9,1.3,40.9,3.1,0.1,0.0,0.0,16.8,6.5,16.8,14.6,83
Marco Belinelli,74.0,24.0,10.5,8.3,42.9,3.8,36.0,2.4,2.0,0.9,0.6,0.1,1.7,58.8,2.8,43.3,0.1,2.2,2.5,39.6,21.3,13.1,5.0,18.7,77
Marcus Morris Sr.,79.0,32.5,14.0,12.7,41.8,4.5,33.1,4.6,2.0,1.1,0.7,0.3,3.0,50.0,5.2,45.5,2.0,2.8,3.5,36.0,21.5,9.5,6.9,20.1,81
Marcus Smart,79.0,30.4,10.6,9.5,35.9,4.2,28.3,3.9,4.6,2.0,1.6,0.4,4.1,43.9,1.2,35.5,2.1,5.5,3.2,31.8,16.8,22.6,6.2,18.3,76
Markieff Morris,76.0,31.2,14.0,11.7,45.7,2.6,36.2,6.5,1.7,1.7,1.1,0.6,5.7,54.4,3.4,39.7,4.5,2.0,2.4,36.1,21.8,7.6,10.5,20.3,82
Marquese Chriss,82.0,21.3,9.2,7.7,44.9,2.7,32.1,4.2,0.7,1.3,0.8,0.9,4.1,56.1,0.9,31.9,1.6,1.3,2.6,31.6,20.3,5.1,9.8,19.4,82
Marvin Williams,76.0,30.2,11.2,9.3,42.2,4.7,35.0,6.6,1.4,0.8,0.8,0.7,3.6,52.8,1.0,40.8,1.1,2.1,4.5,35.2,18.4,7.2,10.7,16.0,81
Mason Plumlee,81.0,26.5,10.4,7.7,53.6,0.1,0.0,7.5,3.5,1.7,0.9,1.1,6.6,57.6,1.0,29.3,1.6,1.5,0.0,0.0,19.2,18.7,14.1,18.0,83
Matt Barnes,74.0,24.0,7.1,6.4,39.1,3.6,33.1,5.2,2.6,1.4,0.6,0.4,2.2,50.0,0.6,33.3,0.4,1.4,3.0,33.8,14.6,16.2,10.9,15.5,79
Matthew Dellavedova,76.0,26.1,7.6,7.0,39.0,2.8,36.7,1.9,4.7,1.8,0.7,0.0,3.1,41.9,1.2,36.7,0.4,7.7,2.3,37.0,14.5,25.9,3.8,15.8,76
Maurice Harkless,77.0,28.9,10.0,8.1,50.3,2.5,35.1,4.4,1.1,1.1,1.1,0.9,5.2,59.6,0.4,41.9,1.7,1.9,2.4,37.2,17.1,5.6,7.5,14.9,81
Michael Kidd-Gilchrist,81.0,29.0,9.2,7.6,47.7,0.1,11.1,7.0,1.4,0.7,1.0,1.0,4.9,53.1,2.7,38.0,0.6,3.0,0.1,12.5,15.8,7.4,11.7,14.4,79
Mike Conley,69.0,33.2,20.5,14.6,46.0,6.1,40.8,3.5,6.3,2.3,1.3,0.3,5.6,51.8,3.0,44.7,0.1,11.1,2.3,45.6,31.5,32.9,5.4,25.6,73
Monta Ellis,74.0,27.0,8.5,7.5,44.3,1.8,31.9,2.8,3.2,1.8,1.1,0.4,3.2,56.3,2.5,36.6,0.1,5.9,1.5,31.9,15.5,17.1,5.2,16.6,75
Myles Turner,81.0,31.4,14.5,10.7,51.1,1.4,34.8,7.3,1.3,1.3,0.9,2.1,5.2,61.5,4.2,43.0,2.2,0.6,1.4,32.4,22.7,6.5,11.9,19.5,83
Nerlens Noel,51.0,20.5,8.7,6.1,59.5,0.0,0.0,5.8,1.0,1.0,1.3,1.0,5.0,64.0,1.0,35.8,0.6,0.9,0.0,0.0,20.7,7.8,14.3,17.1,83
Nick Young,60.0,25.9,13.2,10.6,43.0,7.0,40.4,2.3,1.0,0.6,0.6,0.2,1.6,50.0,2.0,44.2,0.1,1.8,4.8,44.1,24.5,5.7,4.3,19.2,79
Nicolas Batum,77.0,34.0,15.1,12.7,40.3,5.3,33.3,6.2,5.9,2.5,1.1,0.4,3.1,51.6,4.3,40.2,2.1,4.8,3.9,33.9,22.0,27.3,9.0,21.5,80
Nik Stauskas,80.0,27.3,9.5,7.9,39.6,4.5,36.8,2.8,2.4,1.6,0.6,0.4,2.6,46.2,0.9,31.5,0.0,7.0,2.9,42.2,16.6,12.9,5.0,16.1,78
Nikola Jokic,73.0,27.9,16.7,11.7,57.8,1.9,32.4,9.8,4.9,2.3,0.8,0.8,7.6,65.8,2.2,51.9,4.6,1.6,1.5,34.9,28.6,26.6,17.8,23.1,82
Nikola Mirotic,70.0,24.0,10.6,8.9,41.3,5.4,34.2,5.5,1.1,1.1,0.8,0.8,2.4,62.5,1.1,35.5,1.1,1.7,4.7,33.8,21.7,6.9,11.1,19.4,82
Nikola Vucevic,75.0,28.8,14.6,13.7,46.8,1.0,30.7,10.4,2.8,1.6,1.0,1.0,6.8,51.5,6.0,43.4,7.7,2.3,1.0,31.5,24.5,15.7,17.3,24.1,84
Otto Porter Jr.,80.0,32.6,13.4,10.0,51.6,4.3,43.4,6.4,1.5,0.6,1.5,0.5,3.2,62.5,2.6,48.1,0.2,1.5,4.0,44.6,19.9,6.6,9.9,14.7,80
P.J. Tucker,81.0,27.6,6.7,6.0,41.3,2.4,35.7,5.8,1.2,0.8,1.4,0.2,2.9,48.3,0.7,40.7,0.7,1.6,2.2,37.4,11.7,6.3,10.3,11.1,78
Patrick Beverley,67.0,30.7,9.5,8.1,42.0,4.3,38.2,5.9,4.2,1.5,1.5,0.4,3.3,48.5,0.5,32.4,0.1,7.8,3.1,39.3,14.8,18.4,9.3,14.0,73
Patrick Patterson,65.0,24.6,6.8,5.9,40.1,3.9,37.2,4.5,1.2,0.6,0.6,0.4,1.4,50.0,0.6,39.5,0.1,1.7,3.8,36.8,13.8,6.6,9.2,12.3,81
Patty Mills,80.0,21.9,9.5,7.8,44.0,4.4,41.4,1.8,3.5,1.3,0.8,0.0,1.4,57.1,2.0,39.1,0.0,2.8,3.0,42.0,20.9,23.6,4.0,18.4,72
Pau Gasol,64.0,25.4,12.4,9.4,50.2,1.6,53.8,7.8,2.3,1.3,0.4,1.1,4.5,51.1,3.3,45.3,4.0,1.4,1.6,55.0,24.5,14.3,15.9,21.3,84
Paul George,75.0,35.9,23.7,18.0,46.1,6.6,39.3,6.6,3.3,2.9,1.6,0.4,4.6,54.3,6.8,46.7,2.3,7.5,4.8,41.5,32.7,15.7,9.4,28.7,81
Paul Millsap,69.0,34.0,18.1,14.1,44.2,3.5,31.1,7.7,3.7,2.3,1.3,0.9,7.1,52.1,3.5,41.0,6.4,6.1,3.1,31.3,25.7,17.2,11.0,24.1,80
Rajon Rondo,69.0,26.7,7.8,8.1,40.8,1.9,37.6,5.1,6.7,2.4,1.4,0.2,4.1,48.8,2.1,29.9,0.2,8.4,1.5,40.6,14.4,36.1,9.4,17.4,73
Raymond Felton,80.0,21.2,6.7,6.4,43.0,1.8,31.9,2.7,2.4,1.0,0.8,0.3,3.0,50.0,1.7,38.3,0.1,4.3,1.1,35.6,15.5,17.2,6.3,16.3,73
Reggie Jackson,52.0,27.4,14.5,13.0,41.9,3.5,35.9,2.2,5.2,2.2,0.7,0.1,6.0,45.0,3.4,43.0,0.1,11.2,1.5,35.4,26.3,30.6,4.0,26.1,75
Richard Jefferson,79.0,20.4,5.7,4.3,44.6,2.4,33.3,2.6,1.0,0.7,0.3,0.1,1.6,68.8,0.3,24.0,0.2,1.7,2.1,35.1,13.6,6.8,6.2,12.1,79
Richaun Holmes,57.0,20.9,9.8,7.2,55.8,1.4,35.1,5.5,1.0,1.0,0.7,1.0,4.9,63.3,1.0,41.1,0.7,0.7,1.3,36.0,22.5,8.1,12.9,18.4,82
Ricky Rubio,75.0,32.9,11.1,8.7,40.2,2.6,30.6,4.1,9.1,2.6,1.7,0.1,2.4,41.7,3.6,44.0,0.0,9.1,2.2,32.1,16.9,38.5,6.4,17.1,76
Robert Covington,67.0,31.6,12.9,10.9,39.9,6.1,33.3,6.5,1.5,2.0,1.9,1.0,4.2,50.0,0.6,35.1,0.1,4.3,5.6,32.4,19.5,7.5,9.9,18.8,81
Robin Lopez,81.0,28.0,10.4,9.6,49.3,0.0,0.0,6.4,1.0,1.1,0.2,1.4,6.1,52.5,3.5,43.8,2.8,0.7,0.0,0.0,18.4,5.4,11.1,17.2,84
Rodney Hood,59.0,27.0,12.7,11.3,40.8,5.2,37.1,3.4,1.6,1.1,0.6,0.2,3.6,44.4,2.4,45.1,0.4,6.2,3.4,40.1,24.3,10.2,6.6,22.7,80
Rodney McGruder,78.0,25.2,6.4,5.9,41.3,2.8,33.2,3.3,1.6,0.7,0.6,0.2,2.5,52.0,0.6,29.2,0.1,2.9,2.6,34.5,12.7,8.8,6.5,12.3,76
Rondae Hollis-Jefferson,78.0,22.6,8.7,6.9,43.4,0.9,22.4,5.8,2.0,1.5,1.1,0.6,4.7,51.1,1.4,34.0,1.3,4.3,0.8,20.0,17.8,13.5,12.1,18.5,79
Rudy Gay,30.0,33.8,18.7,14.7,45.5,3.8,37.2,6.3,2.8,2.5,1.5,0.9,7.2,54.2,3.8,36.5,4.4,6.0,2.9,37.5,27.5,14.0,9.4,24.6,80
Rudy Gobert,81.0,33.9,14.0,7.7,66.1,0.0,0.0,12.8,1.2,1.8,0.6,2.6,7.7,66.2,0.1,40.0,0.8,0.8,0.0,0.0,21.7,5.7,19.4,16.6,85
Russell Westbrook,81.0,34.6,31.6,24.0,42.5,7.2,34.3,10.7,10.4,5.4,1.6,0.4,9.5,52.6,7.3,36.3,1.9,20.1,1.9,34.8,43.7,54.3,14.7,40.2,75
Ryan Anderson,72.0,29.4,13.6,10.7,41.8,7.0,40.3,4.6,0.9,0.8,0.4,0.2,2.4,50.0,1.3,33.7,0.9,1.7,6.5,41.3,22.1,4.6,7.7,17.8,82
Sean Kilpatrick,70.0,25.1,13.1,10.5,41.5,4.4,34.1,4.0,2.2,1.9,0.6,0.1,4.6,50.0,1.5,36.4,0.2,6.5,3.1,33.3,24.5,14.7,7.5,23.2,76
Serge Ibaka,79.0,30.7,14.8,12.4,48.0,4.0,39.1,6.8,0.9,1.3,0.5,1.6,4.5,57.8,3.9,46.8,3.8,1.5,3.9,39.0,24.1,5.0,11.1,20.8,82
Sergio Rodriguez,68.0,22.3,7.8,7.9,39.2,3.7,36.5,2.3,5.1,1.9,0.7,0.1,2.2,50.0,2.0,34.6,0.0,7.8,1.4,38.5,16.9,34.9,5.1,18.9,75
Seth Curry,70.0,29.0,12.8,10.0,48.1,4.6,42.5,2.6,2.7,1.3,1.1,0.1,2.7,63.0,2.7,43.6,0.0,5.4,3.0,40.6,22.8,15.9,4.7,19.3,74
Shelvin Mack,55.0,21.9,7.8,6.9,44.6,2.2,30.8,2.3,2.8,1.6,0.8,0.1,3.5,54.3,1.3,42.9,0.1,8.4,1.2,32.3,18.3,21.0,5.3,19.1,75
Solomon Hill,80.0,29.7,7.0,6.0,38.3,3.4,34.8,3.8,1.8,1.0,0.9,0.4,2.2,45.5,0.4,27.3,0.1,2.7,3.1,36.7,11.4,8.0,6.2,11.4,79
Spencer Dinwiddie,59.0,22.6,7.3,5.1,44.4,1.7,37.6,2.8,3.1,1.1,0.7,0.4,2.4,45.8,1.0,49.2,0.1,6.1,0.7,45.2,15.5,21.0,5.9,14.0,78
Stephen Curry,79.0,33.4,25.3,18.3,46.8,10.0,41.1,4.5,6.6,3.0,1.8,0.2,5.5,58.2,2.8,45.2,0.3,8.4,4.6,45.9,35.1,28.7,6.5,28.6,75
Steven Adams,80.0,29.9,11.3,8.2,57.1,0.0,0.0,7.7,1.1,1.8,1.1,1.0,7.8,60.3,0.3,11.5,4.4,0.1,0.0,0.0,18.3,5.4,12.2,15.9,84
T.J. McConnell,81.0,26.3,6.9,6.3,46.1,0.7,20.0,3.1,6.6,2.0,1.7,0.1,4.2,52.4,1.5,39.8,0.1,11.1,0.5,23.1,12.3,37.4,5.7,14.2,74
T.J. Warren,66.0,31.0,14.4,12.3,49.5,1.5,26.5,5.1,1.1,0.9,1.2,0.6,6.8,60.3,4.0,40.5,0.4,4.3,1.2,28.0,21.8,5.6,7.9,18.8,80
Taj Gibson,78.0,25.5,10.8,9.1,51.5,0.2,23.1,6.2,0.9,1.3,0.5,0.8,6.7,58.2,2.3,33.1,4.6,0.6,0.2,23.1,21.1,5.7,11.8,18.8,81
Terrence Jones,54.0,23.5,10.8,9.1,47.0,1.4,25.3,5.7,1.1,0.9,0.7,1.0,6.6,53.0,1.2,38.7,2.1,3.1,1.1,29.3,22.1,7.5,11.3,20.9,81
Terrence Ross,78.0,25.1,11.0,9.6,43.7,5.0,36.3,2.6,1.1,0.9,1.1,0.4,2.2,59.1,2.3,46.7,0.1,2.5,3.9,37.4,21.3,6.6,5.2,18.5,79
Thabo Sefolosha,62.0,25.7,7.2,6.4,44.1,1.9,34.2,4.4,1.7,0.9,1.5,0.5,2.9,55.2,1.5,33.7,0.3,2.8,1.8,35.5,13.5,9.9,8.3,13.1,79
Thaddeus Young,74.0,30.2,11.0,9.3,52.7,1.6,38.1,6.1,1.6,1.3,1.5,0.4,6.7,58.2,1.0,36.0,2.1,1.2,1.5,38.4,17.8,8.2,10.1,16.3,80
Tim Frazier,65.0,23.5,7.1,6.2,40.3,2.0,31.3,2.7,5.2,1.6,0.9,0.1,3.0,50.0,1.3,35.7,0.1,7.2,1.0,31.7,14.7,31.2,5.4,16.1,73
Tim Hardaway Jr.,79.0,27.3,14.5,11.5,45.5,5.3,35.7,2.8,2.3,1.3,0.7,0.2,4.5,60.0,1.8,36.7,0.2,4.8,3.9,36.1,25.5,13.7,5.0,21.8,78
Timofey Mozgov,54.0,20.4,7.4,6.1,51.5,0.0,0.0,4.9,0.8,1.3,0.3,0.6,4.3,55.8,1.8,42.1,2.2,0.5,0.0,0.0,17.7,6.1,11.6,16.8,85
Tobias Harris,82.0,31.3,16.1,13.0,48.1,3.8,34.7,5.1,1.7,1.2,0.7,0.5,5.8,56.9,3.3,47.6,1.8,5.8,3.6,35.8,25.5,8.7,8.0,21.4,81
Tony Allen,71.0,27.0,9.1,8.4,46.1,0.8,27.8,5.5,1.4,1.4,1.6,0.4,7.0,50.0,0.6,27.3,0.3,3.1,0.7,28.8,17.4,8.3,10.4,17.8,76
Tony Parker,63.0,25.2,10.1,9.0,46.6,1.1,33.3,1.8,4.5,1.4,0.5,0.0,4.9,49.0,3.1,47.2,0.0,10.7,1.0,32.8,20.8,27.6,3.7,20.4,74
Tony Snell,80.0,29.2,8.5,6.8,45.5,4.4,40.6,3.1,1.2,0.7,0.7,0.2,1.5,60.0,0.8,43.8,0.1,1.7,4.3,41.8,14.7,5.8,5.5,12.1,79
Trevor Ariza,80.0,34.7,11.7,10.0,40.9,6.9,34.4,5.7,2.2,0.9,1.8,0.3,2.6,57.7,0.4,32.3,0.2,4.2,5.8,35.7,16.0,8.8,8.1,14.0,80
Trevor Booker,71.0,24.7,10.0,8.3,51.6,1.1,32.1,8.0,1.9,1.8,1.1,0.4,6.1,59.0,1.2,35.4,3.0,3.0,0.7,34.7,19.0,13.1,15.3,18.5,80
Tristan Thompson,78.0,30.0,8.1,5.6,60.0,0.0,0.0,9.2,1.0,0.8,0.5,1.1,5.4,61.1,0.2,41.2,0.2,0.7,0.0,0.0,13.4,4.6,14.8,11.2,81
Ty Lawson,69.0,25.1,9.9,7.6,45.4,1.7,28.8,2.6,4.8,1.9,1.1,0.1,3.4,52.9,2.5,44.5,0.1,11.1,1.1,30.7,19.3,30.0,5.2,19.0,71
Tyler Johnson,73.0,29.8,13.7,11.3,43.3,3.4,37.2,4.0,3.2,1.2,1.2,0.6,5.0,50.0,2.9,36.8,0.1,7.8,3.2,38.1,22.6,17.0,6.5,20.3,76
Tyson Chandler,47.0,27.6,8.4,4.9,67.1,0.0,0.0,11.5,0.6,1.4,0.7,0.5,4.8,68.8,0.0,0.0,1.0,0.1,0.0,0.0,14.6,3.3,20.7,11.2,85
Victor Oladipo,67.0,33.2,15.9,13.9,44.2,5.3,36.1,4.3,2.6,1.8,1.2,0.3,5.6,53.6,3.1,41.7,0.3,6.3,4.5,36.5,23.1,12.2,6.3,21.0,76
Vince Carter,73.0,24.7,8.0,6.7,39.4,4.1,37.8,3.1,1.8,0.7,0.8,0.5,1.9,47.4,0.8,32.7,1.0,2.3,3.3,40.2,16.6,11.2,6.3,14.7,78
Wayne Ellington,62.0,24.2,10.5,9.0,41.6,6.4,37.8,2.1,1.1,0.5,0.6,0.1,0.6,83.3,2.0,45.5,0.0,1.0,5.0,37.9,21.5,7.0,4.3,17.4,76
Wesley Matthews,73.0,34.2,13.5,11.6,39.3,6.6,36.3,3.5,2.9,1.4,1.1,0.2,2.7,48.1,2.3,36.1,2.5,5.6,4.7,38.3,20.3,13.8,5.4,19.3,77
Will Barton,60.0,28.4,13.7,11.1,44.3,3.9,37.0,4.3,3.4,1.6,0.8,0.5,5.7,50.9,1.6,37.6,0.2,7.9,2.5,34.7,23.2,18.5,7.5,20.7,78
Wilson Chandler,71.0,30.9,15.7,13.2,46.1,4.6,33.7,6.5,2.0,1.6,0.7,0.4,6.4,57.8,2.3,38.9,1.5,6.7,3.7,33.5,24.4,9.7,10.3,21.7,80
Yogi Ferrell,46.0,26.0,10.0,8.6,40.6,3.8,38.6,2.4,3.7,1.5,0.9,0.2,2.6,46.2,2.1,35.4,0.1,8.1,1.9,37.5,19.3,23.2,4.8,19.2,72
Zach LaVine,47.0,37.2,18.9,15.1,45.9,6.6,38.7,3.4,3.0,1.8,0.9,0.2,5.1,58.8,3.4,40.6,0.0,5.6,3.9,42.2,25.7,12.8,4.8,21.5,77
Zach Randolph,73.0,24.5,14.1,13.2,44.9,1.3,22.3,8.2,1.7,1.4,0.5,0.1,7.8,51.3,4.2,37.3,8.9,1.6,1.1,22.0,29.3,13.1,16.7,28.0,81
