Player,GP,MIN,PTS,FGA,FG%,3PA,3P%,REB,AST,TO,STL,BLK,Close FGA,Close FG%,Mid FGA,Mid FG%,Post_Ups,Drives,CS_3PA,CS_3P%,PP100Pos,AST %,REB %,USG %,Height
Aaron Gordon,58.0,32.9,17.6,14.9,43.4,5.9,33.6,7.9,2.3,1.8,1.0,0.8,6.3,57.1,2.7,33.1,2.3,5.2,3.9,39.2,25.6,11.1,11.6,23.8,81
Aaron Harrison,9.0,25.9,6.7,7.7,27.5,4.8,20.9,2.7,1.2,0.3,1.0,0.2,1.4,57.1,1.4,23.1,0.0,2.4,4.1,21.6,12.5,7.2,4.9,14.7,78
Aaron Jackson,1.0,34.5,8.0,9.0,33.3,4.0,25.0,3.0,1.0,1.0,0.0,0.0,5.0,40.0,0.0,0.0,0.0,10.0,2.0,0.0,11.9,5.3,4.4,14.9,75
Al Horford,72.0,31.6,12.9,10.5,48.9,3.1,42.9,7.4,4.7,1.8,0.6,1.1,5.2,55.8,2.1,42.2,5.2,2.9,2.7,42.1,20.1,22.5,11.5,18.3,82
Al-Farouq Aminu,69.0,30.0,9.3,8.4,39.5,4.9,36.9,7.6,1.2,1.1,1.1,0.6,2.9,48.3,0.6,14.3,0.2,3.1,4.5,37.2,15.2,5.6,12.1,14.5,81
Alex Len,69.0,20.2,8.5,5.5,56.6,0.0,33.3,7.5,1.2,1.1,0.4,0.9,5.0,58.0,0.4,31.0,1.8,0.4,0.0,33.3,19.6,9.3,17.2,16.4,85
Allen Crabbe,75.0,29.3,13.2,11.0,40.7,7.1,37.8,4.3,1.6,1.0,0.6,0.5,2.2,54.5,1.7,34.1,0.0,3.2,5.8,40.7,21.4,8.2,7.0,18.3,78
Andre Drummond,78.0,33.7,15.0,11.3,52.9,0.1,0.0,16.0,3.0,2.6,1.5,1.6,10.9,54.1,0.3,32.0,3.4,2.1,0.1,0.0,21.9,14.0,23.4,20.7,83
Andre Iguodala,64.0,25.4,6.0,5.0,46.3,1.8,28.2,3.8,3.3,1.0,0.8,0.6,2.2,68.2,0.9,37.9,1.0,1.8,1.3,25.6,11.2,16.9,7.4,11.2,78
Andre Ingram,2.0,32.1,12.0,8.5,47.1,4.5,55.6,3.0,3.5,1.5,1.5,1.5,2.0,50.0,2.0,25.0,0.5,2.5,4.0,62.5,16.9,14.9,4.6,13.6,75
Andre Roberson,39.0,26.6,5.0,4.2,53.7,0.9,22.2,4.7,1.2,0.8,1.2,0.9,3.3,60.6,0.0,0.0,0.0,0.5,0.9,23.5,9.3,5.9,8.8,8.5,79
Andrew Harrison,56.0,23.7,9.5,7.7,42.2,2.5,33.1,2.3,3.2,1.4,0.7,0.5,3.4,52.9,1.7,38.3,0.0,8.8,1.6,33.0,20.4,22.2,5.1,19.5,78
Andrew Wiggins,82.0,36.3,17.7,15.9,43.8,4.1,33.1,4.4,2.0,1.7,1.1,0.6,7.1,57.7,4.6,31.8,2.5,7.7,3.1,34.9,24.0,8.0,6.1,22.8,80
Anthony Davis,75.0,36.4,28.1,19.5,53.4,2.2,34.0,11.1,2.3,2.2,1.5,2.6,11.9,64.7,5.4,36.4,6.4,4.1,1.9,33.1,36.1,10.4,14.6,29.1,82
Anthony Tolliver,79.0,22.2,8.9,6.0,46.4,4.6,43.6,3.1,1.1,0.7,0.4,0.3,1.2,58.3,0.2,41.7,0.1,1.2,4.4,44.9,19.6,7.6,6.7,14.4,80
Austin Rivers,61.0,33.7,15.1,13.2,42.4,5.9,37.8,2.4,4.0,1.8,1.2,0.3,6.7,47.8,0.6,25.0,0.0,12.4,2.4,36.3,21.9,17.9,3.5,20.6,76
Avery Bradley,46.0,31.2,14.3,13.6,41.4,4.4,36.9,2.5,2.0,2.2,1.1,0.2,5.2,50.0,3.9,36.9,0.0,4.4,3.7,39.6,22.5,10.5,4.0,22.9,74
Ben Simmons,81.0,33.7,15.8,12.3,54.5,0.1,0.0,8.1,8.2,3.4,1.7,0.9,10.8,58.3,1.3,27.8,3.2,15.5,0.1,0.0,22.1,36.2,11.5,21.9,82
Blake Griffin,58.0,34.0,21.4,17.2,43.8,5.6,34.5,7.4,5.8,2.8,0.7,0.3,8.9,52.8,2.8,30.4,6.4,7.0,3.1,35.6,30.8,28.6,10.6,28.5,82
Bobby Portis,73.0,22.5,13.2,11.1,47.1,3.1,35.9,6.8,1.7,1.4,0.7,0.3,5.7,52.6,2.4,46.3,2.6,2.0,2.8,35.7,28.1,12.6,14.5,25.0,83
Bogdan Bogdanovic,78.0,27.9,11.8,9.9,44.6,4.2,39.2,2.9,3.3,1.6,0.9,0.2,3.2,50.0,2.5,46.9,0.3,6.7,2.8,39.4,20.9,18.3,5.3,19.2,78
Bojan Bogdanovic,80.0,30.8,14.3,10.7,47.4,4.8,40.2,3.4,1.5,1.3,0.7,0.1,4.4,56.8,1.5,47.9,0.3,4.9,4.1,40.0,22.6,7.1,5.5,18.5,80
Bradley Beal,82.0,36.3,22.6,18.1,46.0,6.5,37.5,4.4,4.5,2.6,1.2,0.4,6.5,55.4,5.1,44.8,0.4,10.4,3.9,43.0,30.5,20.6,6.2,26.8,77
Brandon Ingram,59.0,33.5,16.1,12.9,47.0,1.8,39.0,5.3,3.9,2.5,0.8,0.7,7.4,52.7,3.7,41.2,0.9,10.6,1.5,41.1,22.8,17.7,7.4,21.8,81
Brook Lopez,74.0,23.4,13.0,10.7,46.5,4.4,34.5,4.0,1.7,1.3,0.4,1.3,5.3,58.5,1.0,40.3,5.5,1.9,4.1,34.3,26.0,11.3,8.1,23.0,84
Buddy Hield,80.0,25.3,13.5,11.7,44.6,5.1,43.1,3.8,1.9,1.6,1.1,0.3,3.5,51.4,3.1,41.5,0.0,4.4,2.9,50.2,26.5,12.7,7.6,23.6,76
CJ McCollum,81.0,36.1,21.4,18.6,44.3,5.9,39.7,4.0,3.4,1.9,1.0,0.4,7.2,48.6,5.4,42.9,0.0,9.7,2.8,43.5,28.9,15.6,5.3,25.9,75
Cameron Payne,25.0,23.3,8.8,8.6,40.5,3.6,38.5,2.8,4.5,1.4,1.0,0.4,3.8,44.7,1.2,33.3,0.0,6.2,1.4,44.4,18.2,29.4,5.6,18.3,75
Caris LeVert,71.0,26.2,12.1,10.4,43.5,3.5,34.7,3.7,4.2,2.2,1.2,0.3,5.8,51.7,1.1,32.1,0.0,11.0,2.1,36.9,21.6,26.5,6.5,21.6,79
Carmelo Anthony,78.0,32.1,16.2,15.0,40.4,6.1,35.7,5.8,1.3,1.3,0.6,0.6,3.0,53.3,5.9,39.3,3.6,1.7,4.8,37.3,24.4,6.1,8.8,22.3,80
Chinanu Onuaku,1.0,21.6,4.0,5.0,40.0,0.0,0.0,4.0,1.0,3.0,0.0,0.0,4.0,50.0,1.0,0.0,2.0,1.0,0.0,0.0,10.0,10.0,9.1,18.2,82
Chris Paul,58.0,31.8,18.6,13.8,46.0,6.5,38.0,5.4,7.9,2.2,1.7,0.2,4.1,51.2,3.1,53.9,1.3,11.7,1.0,41.1,28.5,38.9,8.6,24.1,72
Clint Capela,74.0,27.5,13.9,9.1,65.2,0.0,0.0,10.8,0.9,1.4,0.8,1.9,8.9,66.3,0.2,23.1,0.7,1.0,0.0,0.0,24.7,5.5,19.8,19.0,82
Cory Joseph,82.0,27.0,7.9,7.4,42.4,2.3,35.3,3.2,3.2,1.1,1.0,0.2,2.4,50.0,2.7,40.8,0.0,6.1,1.9,38.6,14.4,16.4,5.9,14.3,75
Courtney Lee,76.0,30.4,12.0,9.9,45.4,3.7,40.6,2.9,2.4,1.1,1.1,0.2,3.1,58.1,3.1,39.5,0.0,4.0,2.6,42.0,19.4,11.3,4.8,16.5,77
D'Angelo Russell,48.0,25.7,15.5,14.0,41.4,5.8,32.4,3.9,5.2,3.1,0.8,0.4,5.6,50.0,2.6,44.4,0.3,9.7,3.1,36.4,28.0,34.8,7.2,29.5,77
D.J. Augustin,75.0,23.5,10.2,7.2,45.2,3.6,41.9,2.1,3.8,1.6,0.7,0.0,2.9,48.3,0.6,46.8,0.0,7.8,2.0,43.7,21.0,25.1,4.4,18.2,72
Damian Lillard,73.0,36.6,26.9,19.4,43.9,8.6,36.1,4.5,6.6,2.8,1.1,0.4,7.5,50.7,3.3,47.9,0.0,12.6,2.7,35.6,35.7,30.1,5.8,29.5,75
Damion Lee,15.0,27.0,10.7,10.1,40.8,4.0,25.0,4.7,1.9,0.9,1.3,0.1,4.9,51.0,1.3,52.6,0.0,4.5,3.1,28.3,18.6,10.9,8.0,18.2,78
Danilo Gallinari,21.0,32.0,15.3,12.2,39.8,5.3,32.4,4.8,2.0,1.2,0.6,0.5,3.8,47.4,3.0,42.2,2.3,5.0,4.1,31.0,23.4,9.7,7.3,20.5,82
Danny Green,70.0,25.6,8.6,8.0,38.7,4.6,36.3,3.6,1.6,1.1,0.9,1.1,2.3,43.5,1.2,37.8,0.0,3.8,3.8,37.2,16.8,8.9,6.8,16.3,78
Dante Cunningham,73.0,21.4,5.7,5.0,45.1,2.3,34.5,4.1,0.7,0.5,0.5,0.4,2.3,56.5,0.4,50.0,0.2,0.5,2.3,34.7,12.6,4.2,9.2,11.4,80
Dario Saric,78.0,29.6,14.6,11.4,45.3,5.1,39.3,6.7,2.6,1.9,0.7,0.3,4.7,55.3,1.6,33.1,2.0,3.7,4.8,41.0,23.4,12.9,10.8,20.4,82
Darius Miller,81.0,23.7,7.7,6.0,44.0,4.4,40.7,2.0,1.4,0.7,0.3,0.2,0.6,50.0,1.0,53.8,0.0,1.8,3.8,40.0,15.2,7.6,4.1,12.4,80
Darren Collison,69.0,29.3,12.4,9.2,49.5,3.0,46.8,2.6,5.3,1.2,1.3,0.2,2.9,55.2,3.4,46.1,0.0,5.6,1.9,47.7,20.7,25.7,4.6,17.0,74
David Nwaba,70.0,23.5,7.9,6.0,47.8,0.7,34.6,4.7,1.5,1.1,0.8,0.4,5.2,50.0,0.1,33.3,0.4,4.5,0.7,37.0,16.3,9.4,9.5,15.3,76
De'Aaron Fox,73.0,27.7,11.6,10.9,41.2,2.1,30.7,2.8,4.4,2.4,1.0,0.3,5.5,49.1,3.3,35.7,0.0,8.4,1.1,30.9,20.4,24.0,5.0,22.7,75
DeAndre Jordan,77.0,31.5,12.0,7.5,64.5,0.0,0.0,15.2,1.5,1.8,0.5,0.9,7.4,64.9,0.1,0.0,1.5,0.1,0.0,0.0,18.6,7.4,23.6,15.1,83
DeMar DeRozan,80.0,33.9,23.0,17.7,45.6,3.6,31.0,3.9,5.2,2.2,1.1,0.3,7.7,55.8,6.3,42.5,1.2,16.3,2.1,34.8,32.7,24.5,5.7,28.6,79
DeMarcus Cousins,48.0,36.2,25.2,18.0,47.0,6.1,35.4,12.9,5.4,5.0,1.6,1.6,10.1,56.4,1.9,33.3,7.5,9.3,5.3,36.4,33.3,24.1,18.3,31.8,83
DeMarre Carroll,73.0,29.9,13.5,10.8,41.4,5.4,37.1,6.6,2.0,1.4,0.8,0.4,4.6,50.0,0.9,26.9,0.2,5.5,4.4,38.8,21.7,10.6,10.4,19.4,80
Dejounte Murray,81.0,21.5,8.1,7.5,44.3,0.4,26.5,5.7,2.9,1.7,1.2,0.4,5.4,50.0,1.8,32.9,0.0,8.2,0.4,27.3,18.5,20.2,12.8,20.1,77
Delon Wright,68.0,20.9,8.2,6.4,46.5,2.3,36.6,2.9,2.9,1.1,1.0,0.5,3.9,53.8,0.2,37.5,0.0,7.1,1.5,41.2,19.1,20.1,6.9,16.9,77
Dennis Schroder,67.0,31.0,19.4,17.1,43.6,3.9,29.0,3.1,6.2,2.7,1.1,0.1,8.0,50.0,5.2,44.8,0.0,16.4,1.9,28.0,30.3,35.2,5.0,29.9,73
Dennis Smith Jr.,69.0,29.7,15.2,14.8,39.5,4.9,31.3,3.8,5.2,2.8,1.0,0.3,6.9,49.3,3.0,30.6,0.3,12.7,2.1,37.2,25.0,30.1,6.3,28.0,75
Denzel Valentine,77.0,27.2,10.2,9.4,41.7,4.8,38.6,5.1,3.2,1.3,0.8,0.1,2.8,53.6,1.8,34.8,0.0,4.9,3.0,39.0,18.0,17.8,9.0,17.0,78
Derrick Favors,77.0,28.0,12.3,9.1,56.3,0.8,22.2,7.2,1.3,1.1,0.7,1.1,6.5,66.2,1.8,35.2,1.8,0.2,0.8,21.7,21.7,7.5,13.3,18.1,82
Devin Booker,54.0,34.5,24.9,19.5,43.2,7.1,38.3,4.5,4.7,3.6,0.9,0.3,6.9,47.8,5.4,43.2,1.9,10.1,3.3,40.4,33.3,23.3,6.2,30.1,78
Dewayne Dedmon,62.0,24.9,10.0,7.7,52.4,2.3,35.5,7.9,1.5,1.4,0.6,0.8,3.9,66.7,1.5,46.2,0.6,0.4,2.2,36.5,19.3,9.0,15.8,16.6,84
Dillon Brooks,82.0,28.7,11.0,9.4,44.0,3.2,35.6,3.1,1.6,1.5,0.9,0.2,4.4,54.5,1.9,32.2,0.1,5.3,2.4,40.1,19.1,9.2,5.6,18.4,78
Dion Waiters,30.0,30.6,14.3,13.7,39.8,5.7,30.6,2.6,3.8,2.3,0.8,0.3,5.3,52.8,2.7,34.6,0.0,14.7,3.7,33.6,23.2,21.0,4.3,25.0,76
Dirk Nowitzki,77.0,24.7,12.0,9.8,45.6,4.4,40.9,5.7,1.6,0.7,0.6,0.6,1.2,58.3,4.3,46.5,2.6,0.1,4.1,42.1,23.6,9.8,11.8,19.9,84
Domantas Sabonis,74.0,24.5,11.6,8.9,51.4,0.5,35.1,7.7,2.0,1.9,0.5,0.4,6.6,57.6,1.8,36.8,2.6,1.6,0.5,35.3,23.4,12.7,16.0,21.4,82
Donovan Mitchell,79.0,33.4,20.5,17.2,43.7,7.0,34.0,3.7,3.7,2.7,1.5,0.3,8.1,53.1,2.2,40.3,0.1,13.3,3.0,40.6,30.1,18.9,5.7,28.3,75
Dorian Finney-Smith,21.0,21.3,5.9,5.8,38.0,3.2,29.9,3.6,1.2,1.0,0.5,0.2,2.0,50.0,0.6,30.8,0.2,1.8,2.7,33.3,13.5,8.6,7.9,14.4,80
Doug McDermott,81.0,21.8,7.8,6.3,46.7,2.7,42.6,2.5,1.0,0.7,0.2,0.2,2.5,60.0,1.1,30.7,0.1,1.0,2.3,45.8,17.2,6.5,5.5,14.4,80
Dragan Bender,82.0,25.2,6.5,5.9,38.6,3.9,36.6,4.4,1.6,1.4,0.3,0.6,1.7,47.1,0.3,8.7,1.1,1.8,3.9,36.7,12.1,8.9,8.2,12.5,85
Draymond Green,70.0,32.7,11.0,8.8,45.4,3.7,30.1,7.6,7.3,2.9,1.4,1.3,4.5,60.0,0.7,31.4,4.3,2.2,3.2,30.8,15.8,28.6,11.7,16.8,79
Dwight Howard,81.0,30.4,16.6,11.2,55.5,0.1,14.3,12.5,1.3,2.6,0.6,1.6,9.6,60.4,1.6,33.3,8.2,1.7,0.1,16.7,26.4,6.9,19.9,23.8,83
Dwight Powell,79.0,21.2,8.5,5.4,59.3,1.1,33.3,5.6,1.2,0.7,0.8,0.4,3.9,69.2,0.5,37.5,0.4,0.9,1.0,35.1,19.7,8.5,13.4,15.1,83
Dwyane Wade,67.0,22.9,11.4,10.2,43.8,1.7,28.8,3.8,3.4,2.1,0.9,0.7,5.4,55.6,3.2,33.5,2.0,6.2,0.6,27.9,23.8,24.5,7.9,25.1,76
E'Twaun Moore,81.0,31.5,12.5,10.1,51.1,3.6,42.7,2.9,2.3,1.2,1.0,0.1,5.1,58.8,1.3,46.3,0.2,4.9,3.2,43.7,18.5,10.0,4.5,15.7,76
Elfrid Payton,63.0,28.7,12.7,10.6,49.3,1.5,32.6,4.3,6.2,2.7,1.3,0.3,7.8,55.1,1.3,37.5,0.1,11.8,1.1,34.7,20.9,32.8,7.4,21.1,76
Enes Kanter,71.0,25.8,14.1,10.0,59.2,0.0,0.0,11.0,1.5,1.7,0.5,0.5,9.0,61.1,1.0,40.6,5.9,0.4,0.0,0.0,26.8,9.1,21.2,21.2,83
Eric Bledsoe,74.0,31.4,17.7,13.4,47.3,4.9,34.7,3.8,5.0,2.9,2.0,0.6,6.1,59.0,2.4,42.5,0.4,12.2,2.9,39.0,27.6,24.6,6.3,25.4,73
Eric Gordon,69.0,31.2,18.0,14.1,42.8,8.8,35.9,2.5,2.2,1.9,0.6,0.4,4.7,57.4,0.5,32.4,0.1,7.6,5.8,38.5,27.7,11.3,3.9,23.8,76
Ersan Ilyasova,69.0,25.1,10.9,8.9,45.2,3.7,36.0,5.9,1.3,1.0,0.9,0.4,3.7,56.8,1.5,41.5,0.7,0.9,3.0,38.9,20.8,7.8,11.4,18.3,82
Evan Fournier,57.0,32.2,17.8,14.1,45.9,5.9,37.9,3.2,2.9,1.7,0.8,0.3,6.0,53.3,2.2,46.8,0.1,8.1,4.3,40.3,26.1,13.8,4.8,22.6,79
Evan Turner,79.0,25.7,8.2,7.3,44.7,1.7,31.8,3.1,2.2,1.3,0.6,0.4,2.8,53.6,2.8,44.2,1.8,3.5,1.6,30.6,15.6,12.8,5.7,15.3,79
Frank Kaminsky,79.0,23.2,11.1,9.1,42.9,3.5,38.0,3.6,1.6,0.8,0.5,0.2,4.1,51.2,1.4,33.6,1.2,4.4,3.3,37.5,23.0,11.3,7.8,20.2,84
Frank Ntilikina,78.0,21.9,5.9,6.4,36.4,2.0,31.8,2.3,3.2,1.7,0.8,0.2,2.1,42.9,2.3,33.5,0.2,4.5,1.2,36.1,13.2,21.0,5.0,16.6,77
Garrett Temple,65.0,24.8,8.4,7.3,41.8,3.5,39.2,2.3,1.9,1.2,0.9,0.4,1.8,50.0,2.0,39.1,0.0,2.2,2.5,43.6,16.9,11.5,4.7,16.0,78
Gary Harris,67.0,34.4,17.5,13.6,48.5,5.9,39.6,2.6,2.9,1.8,1.8,0.2,5.5,61.8,2.2,39.9,0.1,7.5,4.3,41.3,24.7,12.8,3.9,20.4,76
George Hill,67.0,27.0,10.0,7.7,46.0,3.1,41.5,2.7,2.8,1.3,0.9,0.4,2.8,57.1,1.8,36.4,0.3,5.1,2.2,41.6,18.4,14.5,5.1,16.1,75
Gerald Green,41.0,22.7,12.1,10.1,40.7,7.3,36.9,3.2,0.6,0.8,0.6,0.4,1.9,52.6,1.0,46.2,0.1,2.5,5.2,35.8,25.8,4.5,6.9,21.9,79
Giannis Antetokounmpo,75.0,36.7,26.9,18.7,52.9,1.9,30.7,10.0,4.8,3.0,1.5,1.4,12.4,63.7,4.5,33.7,3.9,11.0,1.1,34.9,36.0,23.7,14.1,30.7,83
Goran Dragic,75.0,31.7,17.3,14.3,45.0,4.0,37.0,4.1,4.8,2.2,0.8,0.2,7.2,52.8,3.1,36.9,0.2,14.6,2.6,41.1,26.8,24.5,6.4,25.0,75
Greg Monroe,51.0,20.4,10.3,7.6,56.5,0.0,0.0,6.9,2.2,1.8,0.9,0.5,6.9,59.4,0.6,37.5,5.0,1.9,0.0,0.0,24.2,18.9,17.2,21.8,83
Harrison Barnes,77.0,34.2,18.9,15.7,44.5,4.3,35.7,6.1,2.0,1.5,0.6,0.2,7.3,52.1,4.1,41.1,4.5,7.3,3.3,35.1,27.3,10.1,8.9,24.7,80
Hassan Whiteside,54.0,25.3,14.0,10.7,54.0,0.0,100.0,11.4,1.0,1.7,0.7,1.7,8.8,56.8,1.9,34.3,4.4,0.9,0.0,100.0,27.0,6.8,21.8,23.5,84
Isaiah Canaan,20.0,21.1,8.6,6.9,38.0,3.3,33.3,2.3,3.8,1.5,0.8,0.1,3.2,46.9,0.4,28.6,0.0,7.1,1.4,39.3,19.9,27.6,5.4,19.3,72
Isaiah Thomas,32.0,26.9,15.2,13.2,37.3,5.9,29.3,2.1,4.8,3.0,0.5,0.1,5.0,44.0,2.3,44.6,0.0,12.3,2.4,29.5,26.2,26.8,3.7,27.6,69
Ish Smith,82.0,24.9,10.9,9.8,48.6,1.2,34.7,2.7,4.4,1.3,0.8,0.2,5.4,53.7,3.1,46.9,0.0,11.1,0.6,33.3,21.3,27.3,5.4,20.3,72
J.J. Barea,69.0,23.2,11.6,10.0,43.9,4.5,36.7,2.9,6.3,2.1,0.5,0.0,4.0,55.0,1.4,39.2,0.0,9.5,1.7,51.3,24.5,42.6,6.4,24.3,72
JJ Redick,70.0,30.2,17.1,12.6,46.0,6.6,42.0,2.5,3.0,1.5,0.5,0.1,1.7,52.9,4.2,49.3,0.0,2.2,4.2,45.5,26.3,14.9,4.0,20.6,76
JR Smith,80.0,28.1,8.3,7.4,40.3,4.8,37.5,2.9,1.8,1.0,0.9,0.1,1.3,53.8,1.3,42.5,0.1,3.1,3.7,39.4,14.3,8.7,5.3,13.6,78
JaMychal Green,55.0,28.0,10.3,8.9,45.7,2.3,33.9,8.4,1.4,1.4,0.6,0.5,4.9,55.1,1.7,37.0,1.7,1.2,2.1,34.2,18.6,8.2,15.5,17.8,81
Jabari Parker,31.0,24.0,12.6,10.7,48.2,2.6,38.3,4.9,1.9,1.5,0.8,0.3,5.5,54.5,2.6,43.8,1.1,4.3,2.0,42.6,25.1,12.9,10.0,22.8,80
Jae Crowder,80.0,26.1,9.7,8.4,40.4,4.3,32.3,3.4,1.2,0.9,0.8,0.3,2.7,59.3,1.4,30.4,0.5,2.0,3.4,34.3,17.8,7.1,6.6,16.9,78
Jamal Crawford,80.0,20.7,10.3,9.3,41.5,3.9,33.1,1.2,2.3,1.2,0.5,0.1,1.7,52.9,3.7,45.1,0.0,2.5,2.1,37.9,24.3,17.7,3.1,23.1,77
Jamal Murray,81.0,31.7,16.7,13.1,45.1,5.4,37.8,3.7,3.4,2.1,1.0,0.3,5.4,53.7,2.4,41.5,0.1,8.0,3.1,42.0,25.8,15.9,6.0,22.3,76
Jameer Nelson,49.0,20.1,4.9,4.9,38.7,2.5,33.1,2.0,3.5,1.3,0.5,0.1,1.2,50.0,1.2,39.7,0.0,5.3,1.4,35.3,11.6,25.2,5.1,13.7,72
James Ennis III,72.0,22.3,7.1,5.3,47.4,2.1,33.3,3.1,1.0,0.8,0.7,0.3,2.6,61.5,0.6,46.7,0.1,1.9,1.8,35.3,15.8,6.9,7.0,13.4,79
James Harden,72.0,35.4,30.4,20.1,44.9,10.0,36.7,5.4,8.8,4.4,1.8,0.7,8.4,56.0,1.8,39.1,1.4,17.1,1.7,36.7,41.9,44.9,7.8,35.3,77
James Johnson,73.0,26.6,10.8,8.4,50.3,2.5,30.8,4.9,3.8,1.9,1.0,0.7,4.9,61.2,1.1,42.9,1.5,6.0,2.0,33.6,19.9,22.0,9.1,18.5,80
Jarell Martin,73.0,22.7,7.7,6.8,44.6,1.3,34.7,4.4,1.0,1.2,0.5,0.7,3.7,48.6,1.8,38.5,0.6,1.6,1.3,34.8,16.8,7.3,9.6,16.8,82
Jarrett Jack,62.0,25.0,7.5,7.1,42.7,1.4,29.1,3.1,5.6,1.9,0.6,0.1,3.0,50.0,2.8,41.3,0.2,7.5,0.7,28.3,14.7,30.2,6.1,16.4,75
Jaylen Brown,70.0,30.7,14.5,11.5,46.5,4.4,39.5,4.9,1.6,1.8,1.0,0.4,5.9,52.5,1.2,39.5,1.2,4.7,3.7,39.1,23.2,8.1,7.8,20.8,79
Jayson Tatum,80.0,30.5,13.9,10.4,47.5,3.0,43.4,5.0,1.6,1.4,1.0,0.7,4.8,52.1,2.7,43.7,0.9,5.7,2.2,48.0,22.4,8.1,8.1,19.2,80
Jeff Green,78.0,23.4,10.8,7.9,47.7,2.2,31.2,3.2,1.3,1.0,0.5,0.4,4.5,57.8,1.2,36.5,1.3,2.4,1.9,33.1,22.3,8.1,6.6,19.0,81
Jeff Teague,70.0,33.0,14.2,11.3,44.6,3.3,36.8,3.0,7.0,2.5,1.5,0.3,6.4,50.0,1.7,39.7,0.1,14.0,1.2,40.7,21.0,29.8,4.6,20.1,74
Jerami Grant,81.0,20.3,8.4,5.6,53.5,1.4,29.1,3.9,0.7,0.7,0.4,1.0,4.1,61.0,0.2,45.0,1.0,2.0,1.3,29.1,20.3,5.5,9.4,16.1,81
Jeremy Lamb,80.0,24.6,12.9,10.4,45.7,3.2,37.0,4.1,2.3,1.2,0.8,0.4,4.4,56.8,2.8,40.4,0.1,5.6,2.0,38.5,25.4,15.4,8.0,22.0,77
Jeremy Lin,1.0,25.2,18.0,12.0,41.7,2.0,50.0,0.0,4.0,3.0,0.0,0.0,7.0,42.9,3.0,33.3,0.0,17.0,0.0,0.0,28.6,23.5,0.0,25.4,75
Jerian Grant,74.0,22.8,8.4,6.8,41.6,2.5,32.6,2.3,4.6,1.2,0.9,0.1,2.3,47.8,1.9,44.4,0.1,8.0,1.2,38.2,18.0,31.4,4.9,17.2,76
Jerryd Bayless,39.0,23.7,7.9,6.7,41.6,3.7,37.0,2.1,1.4,1.2,0.6,0.2,2.1,52.4,0.9,32.4,0.0,2.7,3.3,37.5,15.5,8.5,4.1,14.6,75
Jimmy Butler,59.0,36.7,22.2,15.6,47.4,3.4,35.0,5.3,4.9,1.8,2.0,0.4,7.2,59.7,5.0,38.6,2.6,12.1,1.8,38.9,30.2,20.4,7.5,24.5,80
Joe Harris,78.0,25.3,10.8,8.0,49.1,4.6,41.9,3.3,1.6,1.2,0.4,0.3,3.1,61.3,0.3,33.3,0.0,4.5,3.8,41.7,20.4,10.1,6.3,16.1,78
Joe Ingles,82.0,31.4,11.5,8.8,46.7,5.7,44.0,4.2,4.8,1.9,1.1,0.2,2.5,52.0,0.6,38.8,0.0,8.7,4.2,46.4,18.0,22.2,6.8,15.6,80
Joe Johnson,55.0,21.9,6.8,6.5,40.6,2.6,27.6,3.1,1.5,0.9,0.3,0.1,2.3,52.2,1.6,47.7,2.5,2.8,2.4,28.4,15.1,10.9,7.0,15.7,79
Joel Embiid,63.0,30.4,22.9,16.8,48.3,3.4,30.8,11.0,3.2,3.7,0.6,1.8,8.8,56.8,4.7,44.0,13.8,3.3,3.0,31.2,35.8,18.2,17.3,33.0,84
John Collins,74.0,24.1,10.5,7.4,57.6,0.6,34.0,7.3,1.3,1.4,0.6,1.1,5.9,64.4,0.9,32.8,0.9,0.8,0.6,39.0,20.9,9.0,14.7,17.4,82
John Henson,76.0,25.9,8.8,6.6,57.2,0.1,14.3,6.8,1.5,1.1,0.6,1.4,5.8,60.3,0.7,35.7,0.6,0.3,0.1,25.0,16.7,8.3,13.6,14.9,83
John Wall,41.0,34.4,19.4,16.3,42.0,4.1,37.1,3.7,9.6,3.9,1.4,1.1,7.1,54.9,5.1,28.1,0.2,15.4,2.0,43.8,26.9,42.5,5.3,28.1,76
Jonas Valanciunas,77.0,22.4,12.7,8.9,56.8,1.0,40.5,8.6,1.1,1.5,0.4,0.9,7.1,60.6,0.8,43.8,2.8,1.1,0.9,39.4,27.4,7.5,18.7,22.2,84
Jonathon Simmons,69.0,29.4,13.9,11.0,46.5,3.0,33.8,3.5,2.5,2.1,0.8,0.2,6.0,55.0,2.0,40.7,0.7,10.0,2.1,36.1,22.8,13.1,5.9,21.5,78
Jordan Clarkson,81.0,23.3,13.9,11.8,45.1,3.9,35.2,2.7,2.7,1.6,0.7,0.1,5.1,54.9,2.8,42.9,0.1,7.7,2.5,38.1,28.1,19.3,5.5,25.3,77
Josh Hart,63.0,23.2,7.9,6.0,46.9,3.1,39.6,4.2,1.3,0.7,0.7,0.3,2.4,58.3,0.5,31.0,0.1,1.9,2.7,41.3,16.3,7.6,8.6,13.3,77
Josh Jackson,77.0,25.4,13.1,12.1,41.7,2.8,26.3,4.6,1.5,1.9,1.0,0.5,7.0,48.6,2.3,37.7,0.2,6.5,2.2,28.2,24.1,10.5,8.3,25.3,80
Josh Richardson,81.0,33.2,12.9,10.9,45.1,4.1,37.8,3.5,2.9,1.7,1.5,0.9,4.1,53.7,2.7,43.5,0.2,6.6,3.9,38.8,19.2,13.1,5.3,17.6,78
Jrue Holiday,81.0,36.1,19.0,15.4,49.4,4.4,33.7,4.5,6.0,2.6,1.5,0.8,8.6,58.1,2.3,46.8,0.7,12.3,2.0,39.5,24.6,24.3,6.0,22.5,76
Julius Randle,82.0,26.7,16.1,11.0,55.8,0.5,22.2,8.0,2.6,2.6,0.5,0.5,9.6,60.4,0.8,31.9,4.6,4.5,0.4,28.6,28.7,15.8,14.4,25.1,81
Justin Holiday,72.0,31.5,12.2,10.9,37.1,6.2,35.9,4.0,2.1,1.3,1.1,0.4,2.4,41.7,2.2,34.4,0.0,3.4,4.8,37.0,18.5,9.7,6.2,17.7,78
Justin Jackson,68.0,22.2,6.7,6.2,44.2,2.7,30.8,2.8,1.1,0.6,0.4,0.2,2.1,61.9,1.3,42.2,0.1,1.3,2.5,31.0,14.8,7.1,6.2,13.9,80
Justise Winslow,68.0,24.7,7.8,7.2,42.4,1.9,38.0,5.4,2.2,1.1,0.8,0.5,4.5,48.9,0.8,22.8,0.6,4.6,1.7,38.1,15.5,13.4,10.7,15.8,79
Jusuf Nurkic,79.0,26.4,14.3,12.0,50.5,0.1,0.0,9.0,1.8,2.3,0.8,1.4,9.6,54.2,2.3,37.9,4.5,0.7,0.1,0.0,26.3,11.5,16.2,25.7,84
Karl-Anthony Towns,82.0,35.6,21.3,14.3,54.5,3.5,42.1,12.3,2.4,1.9,0.8,1.4,8.5,61.2,2.3,47.9,6.5,2.6,3.2,42.9,29.8,10.5,17.9,22.5,84
Kawhi Leonard,9.0,23.3,16.2,12.3,46.8,3.9,31.4,4.7,2.3,1.8,2.0,1.0,4.9,53.1,3.6,56.3,2.6,9.2,1.8,31.3,33.8,19.1,9.8,30.4,79
Kelly Olynyk,76.0,23.4,11.5,8.4,49.7,3.7,37.9,5.7,2.7,1.9,0.8,0.5,3.5,68.6,1.1,35.3,1.9,3.6,3.2,38.4,24.2,18.0,12.6,21.3,84
Kelly Oubre Jr.,81.0,27.5,11.8,9.8,40.3,4.6,34.1,4.5,1.2,1.1,1.0,0.4,4.1,51.2,1.2,24.5,0.0,4.1,3.9,34.7,20.6,6.7,8.1,18.8,79
Kemba Walker,80.0,34.2,22.1,17.0,43.1,7.5,38.4,3.1,5.6,2.2,1.1,0.3,6.0,50.0,3.5,42.3,0.0,11.5,2.8,40.3,31.2,26.4,4.4,26.7,73
Kent Bazemore,65.0,27.5,12.9,10.4,42.0,4.2,39.4,3.8,3.5,2.4,1.5,0.7,4.1,48.8,2.1,36.7,0.0,8.1,2.7,42.0,22.6,19.9,6.9,22.1,77
Kentavious Caldwell-Pope,74.0,33.2,13.4,10.8,42.6,5.6,38.3,5.2,2.2,1.3,1.4,0.2,3.0,56.7,2.2,34.4,0.0,2.6,4.1,40.3,19.1,9.3,7.5,16.5,77
Kevin Durant,68.0,34.2,26.4,18.0,51.6,6.1,41.9,6.8,5.4,3.0,0.7,1.8,6.1,63.9,5.8,49.4,4.3,5.7,3.1,48.6,36.2,24.3,9.9,29.3,81
Kevin Love,59.0,28.0,17.6,12.4,45.8,5.6,41.5,9.3,1.7,1.5,0.7,0.4,4.8,54.2,2.0,39.3,4.5,1.4,5.0,41.6,30.5,9.9,17.2,24.8,82
Khris Middleton,82.0,36.4,20.1,15.5,46.6,5.0,35.9,5.2,4.0,2.3,1.5,0.3,5.0,54.0,5.5,49.3,1.5,7.5,3.5,39.2,27.2,17.2,7.6,23.9,80
Klay Thompson,73.0,34.3,20.0,16.1,48.9,7.1,44.0,3.8,2.5,1.8,0.8,0.5,3.6,58.3,5.5,49.1,1.1,3.5,5.7,44.8,27.6,10.8,5.5,23.2,79
Kobi Simmons,32.0,20.1,6.1,5.9,42.3,1.2,28.2,1.6,2.1,1.4,0.6,0.2,3.2,56.3,1.5,21.3,0.0,3.7,0.9,30.0,14.9,15.7,4.0,16.3,76
Kris Dunn,52.0,29.3,13.4,12.8,42.9,2.6,32.1,4.3,6.0,2.9,2.0,0.5,6.4,48.4,3.8,42.9,1.0,12.2,1.3,30.0,22.0,31.9,7.1,24.5,76
Kristaps Porzingis,48.0,32.4,22.7,18.5,43.9,4.8,39.5,6.6,1.2,1.9,0.8,2.4,7.1,49.3,6.8,40.2,8.0,2.5,4.4,41.6,34.4,6.3,9.8,30.5,87
Kyle Anderson,74.0,26.7,7.9,5.9,52.7,0.8,33.3,5.4,2.7,1.3,1.6,0.8,4.1,58.5,1.1,44.3,0.4,5.2,0.7,36.0,14.7,14.6,10.0,13.3,81
Kyle Korver,73.0,21.6,9.2,6.6,45.9,5.2,43.6,2.3,1.2,0.8,0.4,0.4,0.7,57.1,0.9,46.9,0.0,0.4,4.3,46.0,20.3,7.9,5.2,15.4,79
Kyle Kuzma,77.0,31.2,16.1,13.5,45.0,5.6,36.6,6.3,1.8,1.8,0.6,0.4,6.3,55.6,1.6,34.4,1.6,4.9,4.6,37.5,24.4,9.1,9.5,21.9,81
Kyle Lowry,78.0,32.2,16.2,12.1,42.7,7.6,39.9,5.6,6.9,2.3,1.1,0.2,3.4,52.9,1.1,34.5,0.1,8.2,4.1,41.3,24.4,30.7,8.5,21.1,72
Kyrie Irving,60.0,32.2,24.4,18.1,49.1,6.8,40.8,3.8,5.1,2.3,1.1,0.3,7.7,55.8,3.8,49.8,0.5,11.6,2.8,39.9,36.9,28.2,5.7,29.8,75
LaMarcus Aldridge,75.0,33.4,23.1,18.0,51.0,1.2,29.3,8.5,2.0,1.5,0.6,1.2,9.4,59.6,7.4,42.5,13.9,1.4,1.1,29.6,35.0,11.1,12.7,28.8,83
Lance Stephenson,82.0,22.6,9.2,8.6,42.7,2.8,28.9,5.2,2.9,1.6,0.6,0.2,3.5,54.3,2.3,40.7,0.1,5.5,1.6,31.9,20.0,18.6,11.5,20.8,78
Larry Nance Jr.,66.0,21.5,8.7,6.3,58.1,0.2,16.7,6.8,1.2,0.8,1.3,0.6,4.7,66.0,1.3,38.6,0.9,0.3,0.1,25.0,19.2,8.5,15.2,15.5,81
Lauri Markkanen,68.0,29.7,15.2,12.7,43.4,5.9,36.2,7.5,1.2,1.2,0.6,0.6,4.7,55.3,2.1,35.6,2.3,3.6,5.5,36.9,24.7,6.4,12.3,21.5,84
LeBron James,82.0,36.9,27.5,19.3,54.2,5.0,36.7,8.6,9.1,4.2,1.4,0.9,10.7,67.3,3.7,38.9,4.4,11.7,1.2,40.6,36.0,43.2,11.9,31.0,80
Lonzo Ball,52.0,34.2,10.2,10.8,36.0,5.7,30.5,6.9,7.2,2.6,1.7,0.8,4.4,43.2,0.8,32.6,0.2,7.4,3.4,33.1,13.8,28.8,9.5,16.9,78
Lou Williams,79.0,32.8,22.6,16.9,43.5,6.6,35.9,2.5,5.3,3.0,1.1,0.2,7.0,50.0,3.4,44.2,0.0,11.5,2.8,39.9,32.4,25.4,3.8,28.5,73
Luc Mbah a Moute,61.0,25.6,7.5,5.7,48.1,2.8,36.4,3.0,0.9,1.1,1.2,0.4,2.7,63.0,0.1,0.0,0.3,3.0,2.7,35.0,14.3,5.2,6.0,12.8,80
Malcolm Brogdon,48.0,29.9,13.0,10.5,48.5,3.4,38.5,3.3,3.2,1.4,0.9,0.3,5.7,56.1,1.4,43.9,0.3,9.6,2.4,35.3,21.5,16.5,5.8,18.9,77
MarShon Brooks,7.0,27.5,20.1,14.6,50.0,4.6,59.4,3.0,3.6,2.3,1.6,0.4,7.2,52.8,2.9,30.0,0.3,10.9,1.3,33.3,35.4,20.5,5.6,27.1,77
Marc Gasol,73.0,33.0,17.2,14.2,42.0,4.4,34.1,8.1,4.2,2.7,0.7,1.4,6.1,44.3,3.7,46.6,10.2,3.1,4.1,35.0,26.3,22.5,12.7,25.5,85
Marcin Gortat,82.0,25.3,8.4,6.8,51.8,0.0,0.0,7.6,1.8,1.2,0.5,0.7,5.7,54.4,1.2,40.0,2.2,0.3,0.0,0.0,16.3,10.3,15.1,15.3,83
Marco Belinelli,80.0,24.3,12.1,9.6,44.1,4.9,37.7,1.9,1.9,1.2,0.8,0.2,2.0,55.0,2.7,46.5,0.0,2.3,3.3,38.2,23.6,11.5,3.8,19.7,77
Marcus Morris Sr.,54.0,26.7,13.6,11.3,42.9,4.3,36.8,5.4,1.3,1.2,0.6,0.2,3.5,51.4,3.5,42.9,2.4,2.8,3.3,36.9,24.8,8.2,9.7,22.2,81
Marcus Smart,54.0,29.9,10.2,9.5,36.7,4.6,30.1,3.5,4.8,2.4,1.3,0.4,3.6,47.2,1.3,35.7,1.5,6.3,3.0,31.3,16.5,23.4,5.6,18.7,76
Mario Chalmers,66.0,21.5,7.7,6.7,37.9,2.9,27.7,2.4,3.0,1.8,1.2,0.2,3.0,43.3,0.8,45.5,0.0,6.0,2.1,31.4,17.2,21.4,5.5,18.6,74
Mario Hezonja,75.0,22.1,9.6,8.2,44.2,3.6,33.7,3.7,1.4,1.1,1.1,0.4,3.5,54.3,1.2,41.8,0.2,3.2,3.0,33.6,21.2,10.1,8.4,19.7,80
Markieff Morris,73.0,27.0,11.5,9.4,48.0,2.8,36.7,5.6,1.9,1.7,0.8,0.5,3.7,59.5,2.9,43.3,3.5,1.4,2.6,38.3,21.1,10.7,10.7,19.4,82
Marquese Chriss,72.0,21.2,7.7,6.6,42.3,2.6,29.5,5.5,1.2,1.5,0.7,1.0,3.3,54.5,0.7,39.6,1.5,1.4,2.5,30.6,17.0,8.1,12.1,17.6,82
Marquis Teague,3.0,24.6,3.7,5.3,25.0,1.3,25.0,2.0,4.3,1.0,1.3,0.0,2.0,50.0,2.0,0.0,0.0,6.3,0.3,0.0,7.2,24.1,4.0,12.1,74
Marvin Williams,78.0,25.7,9.5,7.2,45.8,3.9,41.3,4.7,1.2,0.8,0.7,0.5,2.7,55.6,0.6,36.4,0.9,1.3,3.8,41.4,17.8,6.9,8.9,14.5,81
Maurice Harkless,59.0,21.4,6.5,5.0,49.5,2.0,41.5,2.7,0.9,0.7,0.8,0.7,2.9,55.2,0.2,33.3,1.0,1.4,1.9,42.7,14.8,6.1,6.3,12.3,81
Michael Beasley,74.0,22.3,13.2,10.9,50.7,1.2,39.5,5.6,1.7,1.9,0.5,0.6,7.0,58.6,2.9,36.6,3.6,4.8,0.8,40.3,28.6,12.2,12.3,26.1,81
Michael Kidd-Gilchrist,74.0,25.0,9.2,7.6,50.4,0.0,0.0,4.1,1.0,0.7,0.7,0.4,4.9,57.1,2.7,37.6,0.5,3.0,0.0,0.0,17.7,5.7,7.9,15.9,79
Mike Conley,12.0,31.1,17.1,14.0,38.1,6.4,31.2,2.3,4.1,1.5,1.0,0.3,6.1,49.2,1.5,27.8,0.0,12.8,2.4,31.0,27.5,23.4,3.6,26.0,73
Milos Teodosic,45.0,25.2,9.5,8.0,41.9,5.2,37.9,2.8,4.6,2.2,0.5,0.1,1.1,54.5,1.7,44.9,0.0,5.0,2.9,44.2,17.7,25.2,5.4,17.8,77
Myles Turner,65.0,28.2,12.7,9.8,47.9,2.4,35.7,6.4,1.3,1.5,0.6,1.8,3.8,55.3,3.6,48.1,2.4,1.1,2.3,36.5,22.1,7.1,11.4,19.9,83
Nemanja Bjelica,67.0,20.5,6.8,5.5,46.1,2.7,41.5,4.1,1.3,0.8,0.7,0.2,2.6,50.0,0.3,11.1,0.2,2.3,2.5,41.8,16.0,8.8,10.1,13.9,82
Nicolas Batum,64.0,31.0,11.6,10.2,41.5,4.3,33.6,4.8,5.5,2.0,1.0,0.4,2.3,56.5,3.6,40.5,1.8,2.5,3.3,35.9,17.9,25.5,7.5,17.8,80
Nikola Jokic,75.0,32.6,18.5,13.5,49.9,3.7,39.6,10.7,6.1,2.8,1.2,0.8,7.2,55.6,2.5,47.9,7.5,2.7,3.1,40.5,27.8,28.6,16.8,23.8,82
Nikola Mirotic,55.0,27.2,15.6,12.4,44.7,6.5,37.7,7.4,1.5,1.1,0.8,0.7,3.7,62.2,2.2,37.4,2.8,1.3,5.3,37.1,26.7,7.9,12.7,22.3,82
Nikola Vucevic,57.0,29.5,16.5,14.7,47.5,3.6,31.4,9.2,3.4,1.9,1.0,1.1,7.5,57.3,3.7,43.1,6.1,2.5,3.5,32.0,26.3,18.4,15.3,25.2,84
Otto Porter Jr.,77.0,31.6,14.7,11.5,50.3,4.1,44.1,6.4,2.0,1.0,1.5,0.5,3.9,59.0,3.6,47.7,0.7,2.6,3.5,44.4,22.8,9.6,10.4,18.2,80
P.J. Tucker,82.0,27.8,6.1,5.4,39.0,3.8,37.1,5.6,0.9,0.9,1.0,0.3,1.3,46.2,0.3,29.6,0.1,1.1,3.6,37.8,10.7,4.7,10.1,10.3,78
Pascal Siakam,80.0,20.7,7.2,6.1,50.7,1.6,22.5,4.5,2.0,0.8,0.8,0.5,4.3,62.8,0.2,30.8,0.3,3.2,1.6,22.4,17.1,13.4,11.0,15.4,81
Patrick Beverley,11.0,30.3,12.2,10.8,40.3,5.5,40.0,4.1,2.9,2.3,1.7,0.5,4.5,46.7,0.8,0.0,0.0,11.3,3.7,41.5,20.3,15.0,6.9,19.8,73
Patty Mills,82.0,25.7,10.0,8.3,41.1,5.0,37.2,1.9,2.8,1.3,0.7,0.1,1.4,50.0,1.9,44.5,0.0,4.4,3.4,36.7,19.2,15.8,3.6,17.2,72
Pau Gasol,77.0,23.5,10.1,8.1,45.8,1.6,35.8,8.0,3.1,1.4,0.3,1.0,4.5,53.3,2.1,38.1,3.1,1.6,1.5,36.1,21.1,20.8,16.4,20.1,84
Paul George,79.0,36.6,21.9,17.0,43.0,7.7,40.1,5.7,3.3,2.7,2.0,0.5,5.4,53.7,3.8,33.2,1.0,8.9,5.3,41.0,29.0,14.3,7.6,24.8,81
Paul Millsap,38.0,30.1,14.6,11.4,46.4,3.0,34.5,6.4,2.8,1.9,1.0,1.2,6.5,55.4,1.9,36.5,4.4,5.6,2.4,35.6,23.7,13.9,10.7,21.7,80
Quinn Cook,33.0,22.4,9.5,7.6,48.4,3.2,44.2,2.5,2.7,1.0,0.4,0.0,2.6,50.0,2.1,51.6,0.0,4.5,1.7,49.1,20.5,17.9,5.5,17.6,74
Rajon Rondo,65.0,26.2,8.3,7.6,46.8,2.3,33.3,4.0,8.2,2.3,1.1,0.2,4.4,56.8,0.9,36.2,0.1,7.9,1.5,31.0,14.6,40.6,7.4,16.4,73
Reggie Bullock,62.0,27.9,11.3,8.8,48.9,4.5,44.5,2.5,1.5,0.8,0.8,0.2,3.1,58.1,1.2,48.6,0.0,2.3,3.8,45.0,19.7,8.1,4.3,15.3,79
Reggie Jackson,45.0,26.7,14.6,12.8,42.6,3.8,30.8,2.8,5.3,2.2,0.6,0.1,6.0,50.0,3.1,40.7,0.1,12.4,1.8,32.9,27.1,33.1,5.2,26.5,75
Ricky Rubio,77.0,29.3,13.1,10.7,41.8,3.5,35.2,4.6,5.3,2.7,1.6,0.1,3.4,47.1,3.7,43.4,0.0,11.2,2.6,37.6,22.0,28.3,8.0,22.2,76
Robert Covington,80.0,31.6,12.6,10.5,41.3,6.9,36.9,5.4,2.0,1.6,1.7,0.9,2.8,53.6,0.8,28.4,0.1,2.1,6.2,37.9,18.9,8.4,8.2,16.8,81
Robin Lopez,64.0,26.4,11.8,10.1,53.0,0.2,28.6,4.5,1.9,1.7,0.2,0.8,7.4,59.5,2.4,37.2,4.1,1.2,0.2,30.0,21.7,11.9,8.3,20.3,84
Rodney Hood,60.0,26.9,14.7,12.5,42.9,5.6,38.1,2.8,1.6,1.2,0.8,0.2,4.1,51.2,2.9,39.2,0.2,6.0,3.7,38.0,26.7,9.7,5.2,24.0,80
Rondae Hollis-Jefferson,68.0,28.2,13.9,10.6,47.2,0.8,24.1,6.8,2.5,1.8,1.0,0.7,7.2,51.4,2.7,43.5,4.2,5.3,0.7,22.9,23.5,14.3,11.3,21.7,79
Rudy Gay,57.0,21.6,11.5,9.4,47.1,2.1,31.4,5.1,1.3,1.4,0.8,0.7,5.0,56.0,2.4,42.5,3.1,4.6,1.6,32.3,26.2,9.7,11.7,23.7,80
Rudy Gobert,56.0,32.4,13.5,7.9,62.2,0.0,0.0,10.7,1.4,1.9,0.8,2.3,7.6,64.5,0.3,33.3,0.6,1.0,0.0,0.0,20.4,6.8,16.5,16.3,85
Russell Westbrook,80.0,36.4,25.4,21.1,44.9,4.1,29.8,10.1,10.3,4.8,1.8,0.3,10.4,53.8,6.6,39.8,0.9,19.2,1.0,34.2,33.6,46.4,13.3,32.6,75
Ryan Anderson,66.0,26.1,9.3,7.3,43.1,5.1,38.6,5.0,0.9,0.6,0.4,0.3,1.4,57.1,0.7,54.2,0.3,1.4,4.7,38.3,17.2,5.0,9.6,14.1,82
Serge Ibaka,76.0,27.5,12.6,10.3,48.3,3.9,36.0,6.3,0.8,1.2,0.4,1.3,3.8,60.5,2.6,49.8,1.1,3.3,3.6,36.6,22.0,4.4,11.2,18.9,82
Shabazz Napier,74.0,20.7,8.7,7.2,42.0,2.9,37.6,2.3,2.0,1.2,1.1,0.2,2.1,47.6,2.1,45.4,0.0,4.5,1.6,44.9,20.7,14.9,5.4,19.2,73
Skal Labissiere,60.0,20.7,8.7,7.6,44.8,0.9,35.3,4.8,1.2,1.2,0.4,0.8,4.8,52.1,2.0,30.8,3.8,1.2,0.8,37.8,20.8,8.8,11.7,20.4,83
Spencer Dinwiddie,80.0,28.8,12.6,10.5,38.7,5.4,32.6,3.2,6.6,1.6,0.9,0.3,4.1,48.8,1.0,31.6,0.0,12.0,2.3,36.8,21.2,34.9,5.4,20.1,78
Stanley Johnson,69.0,27.4,8.7,8.1,37.5,3.4,28.6,3.7,1.6,1.1,1.4,0.2,3.2,46.9,1.6,36.1,0.4,4.1,2.8,31.6,15.6,8.6,6.5,16.1,79
Stephen Curry,51.0,32.0,26.4,16.9,49.5,9.8,42.3,5.1,6.1,3.0,1.6,0.2,4.6,58.7,2.5,60.0,0.2,7.6,5.2,43.6,37.7,27.2,7.9,29.0,75
Steven Adams,76.0,32.7,13.9,9.4,62.9,0.0,0.0,9.0,1.2,1.7,1.2,1.0,9.2,63.0,0.2,41.7,2.0,0.0,0.0,0.0,20.6,5.1,13.3,16.0,84
T.J. McConnell,76.0,22.5,6.3,5.5,49.9,0.8,43.5,3.0,4.0,1.5,1.2,0.2,3.4,52.9,1.3,50.0,0.1,7.3,0.7,47.1,13.2,25.8,6.2,13.4,74
T.J. Warren,65.0,33.0,19.6,16.4,49.8,1.4,22.2,5.1,1.3,1.3,1.0,0.6,10.3,57.3,4.7,40.8,1.8,4.9,1.2,25.6,28.1,6.9,7.4,24.3,80
Taj Gibson,82.0,33.2,12.2,9.0,57.7,0.4,20.0,7.1,1.2,1.1,0.8,0.7,6.8,63.2,1.8,40.3,2.7,0.8,0.4,21.2,18.1,5.1,10.9,14.4,81
Taurean Prince,82.0,30.0,14.1,11.9,42.6,5.6,38.5,4.7,2.6,2.3,1.0,0.5,4.8,52.1,1.5,29.8,0.1,8.0,4.0,42.1,22.5,13.5,7.8,21.6,80
Terrence Ross,24.0,25.0,8.7,8.0,39.8,3.9,32.3,3.0,1.6,1.2,1.1,0.5,2.4,50.0,1.8,39.5,0.1,3.4,2.9,32.9,16.3,8.8,5.9,16.6,79
Terry Rozier,80.0,25.9,11.3,10.0,39.5,5.0,38.1,4.7,2.9,1.0,1.0,0.2,3.4,41.2,1.6,38.0,0.0,6.1,2.8,40.3,21.4,18.4,8.7,19.9,74
Thabo Sefolosha,38.0,21.2,8.2,6.3,49.2,2.2,38.1,4.2,0.9,0.8,1.4,0.3,3.1,61.3,1.0,38.5,0.1,3.0,2.0,36.8,18.9,6.6,10.4,16.2,79
Thaddeus Young,81.0,32.2,11.8,10.7,48.7,2.2,32.0,6.3,1.9,1.3,1.7,0.4,7.0,55.7,1.4,39.7,3.4,2.5,2.0,31.1,18.1,8.5,10.1,17.1,80
Tim Hardaway Jr.,57.0,33.1,17.5,15.0,42.1,7.2,31.7,3.9,2.7,1.6,1.1,0.2,5.4,53.7,2.5,45.7,0.0,5.2,4.7,34.2,25.6,12.3,5.7,22.9,78
Tobias Harris,80.0,33.3,18.6,15.3,46.0,5.6,41.1,5.5,2.4,1.3,0.9,0.4,7.0,51.4,2.8,41.4,1.7,8.9,4.4,40.7,27.2,11.5,8.1,22.7,81
Tomas Satoransky,73.0,22.5,7.2,5.3,52.3,1.4,46.5,3.2,3.9,1.1,0.7,0.2,2.9,55.2,1.0,44.7,0.2,4.9,1.2,52.2,15.6,24.6,7.2,13.4,79
Tony Snell,75.0,27.4,6.9,5.7,43.5,3.6,40.3,1.9,1.3,0.5,0.6,0.4,1.6,50.0,0.6,40.9,0.0,1.8,3.3,40.2,12.3,6.4,3.6,10.5,79
Trevor Ariza,67.0,33.9,11.7,9.7,41.2,6.9,36.8,4.4,1.6,0.8,1.5,0.2,2.7,55.6,0.1,11.1,0.1,3.5,5.6,39.9,16.7,6.6,6.5,14.1,80
Trey Burke,36.0,21.8,12.8,10.7,50.3,2.9,36.2,2.0,4.7,1.2,0.7,0.1,3.2,59.4,4.6,53.6,0.1,7.8,1.8,41.5,28.7,32.9,4.5,24.9,73
Tristan Thompson,53.0,20.2,5.8,4.4,56.2,0.0,0.0,6.6,0.6,0.7,0.3,0.3,4.2,57.1,0.3,29.4,0.5,0.6,0.0,0.0,13.8,4.3,16.1,12.1,81
Troy Daniels,79.0,20.5,8.9,7.3,40.3,5.8,40.0,1.6,0.6,0.7,0.3,0.1,0.8,50.0,0.7,37.9,0.0,1.0,4.3,40.7,20.4,4.7,3.7,16.8,76
Tyler Johnson,72.0,28.5,11.7,9.9,43.5,4.5,36.7,3.4,2.3,1.1,0.8,0.5,3.4,55.9,2.0,38.2,0.0,5.5,4.0,37.5,20.2,12.3,6.0,18.0,76
Tyler Ulis,71.0,23.4,7.8,7.8,38.8,2.1,28.8,1.8,4.4,1.8,1.0,0.1,3.0,43.3,2.7,42.0,0.0,8.2,0.8,31.6,15.9,28.2,3.7,18.4,70
Tyreke Evans,52.0,30.9,19.4,15.6,45.2,5.5,39.9,5.1,5.2,2.3,1.1,0.3,8.4,48.8,1.7,39.3,0.4,12.2,2.1,38.9,31.4,30.4,8.3,27.7,78
Tyrone Wallace,30.0,28.4,9.7,8.2,44.5,1.3,25.0,3.5,2.4,1.5,0.9,0.4,6.3,49.2,0.8,34.8,0.3,5.6,1.3,26.3,15.9,11.5,5.8,15.9,77
Tyson Chandler,46.0,25.0,6.5,4.1,64.7,0.0,0.0,9.1,1.2,1.3,0.3,0.6,4.0,65.0,0.0,50.0,0.5,0.0,0.0,0.0,12.4,6.5,17.4,10.5,85
Victor Oladipo,75.0,34.0,23.1,17.9,47.7,5.8,37.1,5.2,4.3,2.9,2.4,0.8,7.1,60.6,5.0,41.6,0.0,10.8,2.8,39.4,33.2,20.9,7.7,29.5,76
Wayne Ellington,77.0,26.5,11.2,9.1,40.7,7.5,39.2,2.8,1.0,0.7,0.7,0.1,1.0,50.0,0.6,39.1,0.0,1.0,5.8,39.9,21.0,6.0,5.3,16.7,77
Wesley Johnson,74.0,20.1,5.4,5.0,40.8,2.4,33.9,2.9,0.8,0.7,1.0,0.8,0.9,55.6,1.6,41.2,0.1,0.7,2.1,34.2,12.8,5.6,7.1,12.6,79
Wesley Matthews,63.0,33.8,12.7,11.1,40.6,6.4,38.1,3.1,2.7,1.3,1.2,0.3,3.0,50.0,1.7,37.4,2.5,4.6,5.0,38.4,18.6,12.5,4.7,17.3,77
Will Barton,81.0,33.1,15.7,12.7,45.2,5.2,37.0,5.0,4.1,1.8,1.0,0.6,6.5,53.8,1.0,32.5,0.1,8.7,3.0,39.8,23.0,18.5,7.5,20.1,78
Willie Cauley-Stein,73.0,28.0,12.8,10.6,50.2,0.2,25.0,7.0,2.4,1.5,1.1,0.9,8.4,53.6,2.1,39.1,3.9,3.2,0.1,37.5,22.7,13.5,12.8,21.5,84
Wilson Chandler,74.0,31.7,10.0,8.5,44.5,3.3,35.8,5.4,2.1,1.2,0.6,0.5,4.3,53.5,0.9,30.4,1.4,4.0,2.7,38.2,15.4,9.4,8.5,14.2,81
Xavier Rathan-Mayes,5.0,23.6,5.8,8.4,28.6,2.8,7.1,1.0,3.6,2.2,1.2,0.6,2.8,42.9,2.8,35.7,0.0,7.0,0.6,0.0,11.6,24.7,2.2,20.7,76
Yogi Ferrell,82.0,27.8,10.2,8.9,42.6,4.4,37.3,3.0,2.5,1.0,0.8,0.1,2.4,45.8,2.1,47.7,0.0,5.0,2.8,39.2,18.1,13.7,5.4,16.6,72
Zach LaVine,24.0,27.3,16.7,14.8,38.3,5.1,34.1,3.9,3.0,1.8,1.0,0.2,6.8,47.1,3.0,25.4,0.2,8.7,1.7,32.5,29.3,18.7,7.1,29.0,77
Zach Randolph,59.0,25.6,14.5,12.9,47.3,2.5,34.7,6.7,2.2,2.0,0.7,0.2,6.8,55.9,3.6,40.6,8.5,2.6,2.4,35.0,28.3,14.6,13.5,27.0,81
