Player,GP,MIN,PTS,FGA,FG%,3PA,3P%,REB,AST,TO,STL,BLK,Close FGA,Close FG%,Mid FGA,Mid FG%,Post_Ups,Drives,CS_3PA,CS_3P%,PP100Pos,AST %,REB %,USG %,Height
Aaron Gordon,78.0,33.8,16.0,13.4,44.9,4.4,34.9,7.4,3.7,2.1,0.7,0.7,6.7,55.2,2.3,33.0,2.9,6.1,3.1,36.5,22.8,16.6,10.6,21.3,81
Al Horford,68.0,29.0,13.6,10.6,53.5,3.0,36.0,6.7,4.2,1.5,0.9,1.3,5.1,64.7,2.5,54.7,3.7,1.6,3.0,36.0,22.3,20.3,11.3,18.8,82
Al-Farouq Aminu,81.0,28.3,9.4,7.3,43.3,3.5,34.3,7.5,1.3,0.9,0.8,0.4,3.4,55.9,0.4,20.0,0.3,2.7,3.2,35.8,15.7,5.7,12.7,13.4,81
Alec Burks,64.0,21.5,8.8,7.4,40.5,2.6,36.3,3.7,2.0,1.0,0.6,0.3,3.7,45.9,1.1,30.6,0.3,5.2,1.5,40.9,19.6,14.2,8.4,18.5,78
Alex Caruso,25.0,21.2,9.2,6.9,44.5,2.0,48.0,2.7,3.1,1.7,1.0,0.4,4.5,44.4,0.7,33.3,0.0,5.9,1.1,46.4,20.1,20.5,5.8,18.4,77
Alex Len,77.0,20.1,11.1,8.4,49.4,2.6,36.3,5.5,1.1,1.3,0.4,0.9,5.4,57.4,0.4,29.0,1.2,0.5,2.6,37.1,24.8,8.6,12.4,21.4,85
Allen Crabbe,43.0,26.4,9.6,8.7,36.7,6.0,37.8,3.4,1.1,1.1,0.5,0.3,1.4,50.0,1.2,24.5,0.0,2.1,5.3,39.3,17.1,5.9,6.0,15.9,78
Allonzo Trier,64.0,22.8,10.9,8.1,44.8,2.1,39.4,3.1,1.9,1.8,0.4,0.2,4.1,48.8,2.0,37.6,0.1,7.0,1.0,43.9,22.5,13.1,6.3,20.7,77
Andre Drummond,79.0,33.5,17.3,13.3,53.3,0.5,13.2,15.6,1.4,2.2,1.7,1.7,12.3,56.1,0.5,24.3,3.9,1.2,0.3,12.5,25.3,6.8,22.8,22.6,83
Andre Iguodala,68.0,23.2,5.7,4.4,50.0,2.1,33.3,3.7,3.2,0.8,0.9,0.8,1.9,73.7,0.5,24.2,0.3,1.0,1.9,33.9,11.4,17.3,7.6,10.1,78
Andrew Wiggins,73.0,34.8,18.1,16.6,41.2,4.8,33.9,4.8,2.5,1.9,1.0,0.7,7.4,50.0,4.4,34.7,2.3,8.0,3.4,36.4,24.6,10.8,6.5,24.0,80
Anthony Davis,56.0,33.0,25.9,18.3,51.7,2.6,33.1,12.0,3.9,2.0,1.6,2.4,11.6,61.2,4.2,35.5,7.0,3.8,2.2,37.7,36.3,18.6,17.0,28.8,82
Austin Rivers,76.0,26.7,8.1,7.5,40.6,4.3,31.8,2.1,2.2,0.9,0.6,0.3,3.1,54.8,0.1,36.4,0.1,5.6,2.2,37.0,14.5,12.0,3.8,14.2,76
Avery Bradley,63.0,30.2,9.9,9.7,40.8,3.9,35.1,2.8,2.4,1.4,0.7,0.3,2.7,44.4,3.0,45.3,0.0,3.3,3.0,35.6,15.6,11.4,4.4,16.0,74
Bam Adebayo,82.0,23.3,8.9,5.9,57.6,0.2,20.0,7.3,2.2,1.5,0.9,0.8,5.2,61.5,0.5,35.6,1.9,0.8,0.1,9.1,18.4,14.6,15.1,15.7,82
Ben Simmons,79.0,34.2,16.9,12.2,56.3,0.1,0.0,8.8,7.7,3.5,1.4,0.8,11.2,59.8,0.8,20.9,4.4,9.9,0.0,0.0,22.9,34.1,12.2,21.5,82
Blake Griffin,75.0,35.0,24.5,17.9,46.2,7.0,36.2,7.5,5.4,3.4,0.7,0.4,9.5,56.8,1.4,26.4,8.4,8.0,2.5,37.6,34.1,26.8,10.5,29.6,82
Bobby Portis,50.0,26.0,14.2,12.6,44.4,3.8,39.3,8.1,1.4,1.5,0.7,0.4,6.7,50.7,2.1,35.9,3.7,2.4,3.5,38.4,25.7,8.5,15.4,24.1,83
Bogdan Bogdanovic,70.0,27.8,14.1,12.3,41.8,5.3,36.0,3.5,3.8,1.7,1.0,0.2,4.9,49.0,2.1,41.1,0.8,8.0,3.2,40.0,23.7,19.9,5.8,22.0,78
Bojan Bogdanovic,81.0,31.8,18.0,13.0,49.7,4.8,42.5,4.1,2.0,1.7,0.9,0.0,6.3,57.1,2.0,42.5,0.9,6.8,3.6,44.9,27.3,9.5,6.4,21.9,80
Bradley Beal,82.0,36.9,25.6,19.6,47.5,7.3,35.1,5.0,5.5,2.7,1.5,0.7,8.1,61.7,4.2,42.6,0.3,12.7,4.1,36.8,32.4,23.3,6.6,27.8,77
Brandon Ingram,52.0,33.9,18.3,14.0,49.7,1.8,33.0,5.1,3.0,2.5,0.5,0.6,8.7,58.6,3.6,37.8,1.8,10.1,1.7,31.5,24.8,12.7,6.9,22.7,81
Brook Lopez,81.0,28.7,12.5,9.7,45.2,6.3,36.5,4.9,1.2,1.0,0.6,2.2,3.0,63.3,0.4,45.5,1.2,2.1,5.5,35.7,19.9,5.5,7.9,16.5,84
Bruno Caboclo,34.0,23.5,8.3,6.6,42.7,3.8,36.9,4.6,1.5,1.1,0.4,1.0,2.6,50.0,0.1,75.0,0.4,2.6,3.2,39.1,17.0,9.1,9.3,15.0,81
Bryn Forbes,82.0,28.0,11.8,9.6,45.6,5.0,42.6,2.9,2.1,1.0,0.5,0.0,2.4,54.2,2.2,47.2,0.0,3.8,3.5,45.3,20.4,10.5,5.3,17.1,75
Buddy Hield,82.0,31.9,20.7,16.6,45.8,7.9,42.7,5.0,2.5,1.8,0.7,0.4,5.2,51.9,3.5,43.6,0.1,4.6,4.9,46.0,29.6,11.7,7.2,24.3,76
CJ McCollum,70.0,33.9,21.0,17.8,45.9,6.4,37.5,4.0,3.0,1.5,0.8,0.4,6.9,50.7,4.6,50.2,0.1,9.4,3.2,39.4,29.2,13.3,5.6,24.8,75
Caris LeVert,40.0,26.6,13.7,12.1,42.9,3.9,31.2,3.8,3.9,1.7,1.1,0.4,7.6,51.3,0.6,16.7,0.0,12.0,1.7,27.3,24.2,23.1,6.5,23.5,79
Carmelo Anthony,10.0,29.4,13.4,12.1,40.5,6.4,32.8,5.4,0.5,0.8,0.4,0.7,2.7,59.3,3.0,40.0,2.8,0.8,5.1,31.4,21.9,2.8,8.8,19.9,80
Cedi Osman,76.0,32.2,13.0,11.1,42.7,4.9,34.8,4.7,2.6,1.5,0.8,0.1,4.8,52.1,1.4,37.7,0.7,6.1,3.5,33.7,19.9,12.0,7.3,18.2,80
Chandler Hutchison,44.0,20.3,5.2,4.8,45.9,1.1,28.0,4.2,0.8,0.6,0.5,0.1,3.2,53.1,0.4,42.1,0.1,3.1,1.1,29.2,12.2,5.5,10.0,12.1,79
Chris Paul,58.0,32.0,15.6,12.4,41.9,6.1,35.8,4.6,8.2,2.6,2.0,0.3,3.8,50.0,2.5,47.6,2.2,12.1,1.0,43.1,23.4,38.2,7.0,22.0,72
Clint Capela,67.0,33.6,16.6,10.9,64.8,0.0,0.0,12.7,1.4,1.4,0.7,1.5,10.8,65.7,0.1,0.0,0.5,0.5,0.0,0.0,24.2,7.0,18.5,18.0,82
Cody Zeller,49.0,25.4,10.1,7.0,55.1,0.4,27.3,6.8,2.1,1.3,0.8,0.8,6.4,57.8,0.2,30.0,0.4,2.4,0.4,26.3,19.0,11.4,12.7,15.9,84
Collin Sexton,82.0,31.8,16.7,14.7,43.0,3.6,40.2,2.9,3.0,2.3,0.5,0.1,6.6,47.0,4.5,39.2,0.1,10.8,1.7,44.3,25.6,15.4,4.5,24.7,74
Cory Joseph,82.0,25.2,6.5,6.7,41.2,2.1,32.2,3.4,3.9,1.0,1.1,0.3,2.4,50.0,2.3,38.9,0.1,6.5,1.7,36.2,12.5,20.8,6.6,13.4,75
D'Angelo Russell,81.0,30.2,21.1,18.7,43.4,7.8,36.9,3.9,7.0,3.1,1.2,0.2,7.2,50.0,3.8,43.4,0.2,12.0,3.3,39.4,32.8,39.2,6.0,31.1,77
D.J. Augustin,81.0,28.0,11.7,8.4,47.0,3.8,42.1,2.5,5.3,1.6,0.6,0.0,3.6,52.8,0.9,46.5,0.0,10.2,1.8,44.5,20.2,25.8,4.4,16.9,72
Damian Lillard,80.0,35.5,25.8,19.2,44.4,8.0,36.9,4.6,6.9,2.7,1.1,0.4,7.6,51.3,3.6,46.1,0.1,13.3,2.5,38.9,34.5,29.9,6.2,28.1,75
Damyean Dotson,73.0,27.4,10.7,9.6,41.5,4.7,36.8,3.6,1.8,1.0,0.8,0.1,2.5,44.0,2.5,44.8,0.0,3.9,3.6,37.2,18.4,10.4,6.1,16.9,78
Danilo Gallinari,68.0,30.3,19.8,13.0,46.3,5.5,43.3,6.1,2.6,1.5,0.7,0.3,4.8,54.2,2.8,38.6,3.0,5.9,4.0,44.4,30.9,13.4,10.1,23.7,82
Danny Green,80.0,27.7,10.3,7.9,46.5,5.4,45.5,4.0,1.6,0.9,0.9,0.7,1.7,47.1,0.7,44.1,0.5,2.6,4.5,47.4,17.6,7.3,7.0,13.9,78
Danuel House Jr.,39.0,25.1,9.4,6.5,46.8,4.6,41.6,3.6,1.0,0.9,0.5,0.3,1.8,66.7,0.1,50.0,0.0,2.6,3.4,42.4,17.9,5.8,6.9,13.7,79
Dario Saric,81.0,25.0,10.6,8.6,43.7,4.0,36.5,5.6,1.6,1.2,0.6,0.1,3.7,54.1,1.0,30.8,1.8,2.2,3.7,37.0,19.7,8.9,10.6,17.2,82
Darius Miller,69.0,25.5,8.2,7.0,39.0,5.3,36.5,1.9,2.1,0.9,0.6,0.3,0.7,57.1,1.1,45.9,0.0,2.6,4.3,36.6,14.7,10.7,3.3,13.1,80
Darren Collison,76.0,28.2,11.2,8.7,46.7,2.6,40.7,3.1,6.0,1.6,1.4,0.1,3.0,53.3,3.1,46.2,0.3,7.5,1.5,44.0,19.3,30.2,5.4,17.6,72
Davis Bertans,76.0,21.5,8.0,6.0,45.0,4.4,42.9,3.5,1.3,0.6,0.5,0.4,1.0,50.0,0.6,50.0,0.1,1.3,3.9,43.9,17.5,7.9,8.0,13.5,82
De'Aaron Fox,81.0,31.4,17.3,13.6,45.8,2.9,37.1,3.8,7.3,2.8,1.6,0.6,8.0,52.5,2.7,37.3,0.1,12.2,1.1,40.4,25.0,32.2,5.4,23.8,75
DeAndre Jordan,69.0,29.7,11.0,6.5,64.1,0.0,0.0,13.1,2.3,2.2,0.6,1.1,6.4,64.1,0.1,11.1,2.0,0.1,0.0,0.0,17.7,11.9,21.0,14.8,83
DeAndre' Bembry,82.0,23.6,8.4,7.5,44.6,2.1,28.9,4.4,2.5,1.7,1.3,0.5,5.2,51.9,0.2,11.1,0.0,7.3,1.9,29.5,16.1,15.0,8.6,16.8,78
DeMar DeRozan,77.0,34.9,21.2,17.1,48.1,0.6,15.6,6.0,6.2,2.6,1.1,0.5,9.2,56.5,7.2,40.5,2.4,18.7,0.4,21.2,29.7,27.7,8.5,27.7,79
DeMarcus Cousins,30.0,25.7,16.3,12.4,48.0,3.2,27.4,8.2,3.6,2.4,1.3,1.5,8.3,57.8,0.9,37.0,7.2,3.4,3.0,26.4,29.7,20.6,15.3,28.1,83
DeMarre Carroll,67.0,25.4,11.1,8.6,39.5,4.6,34.2,5.2,1.3,1.1,0.5,0.1,3.4,47.1,0.6,35.0,0.1,3.6,4.1,34.8,20.4,7.5,9.4,18.1,80
Deandre Ayton,71.0,30.7,16.3,12.3,58.5,0.1,0.0,10.3,1.8,1.8,0.9,0.9,9.0,65.6,3.2,39.9,5.8,0.4,0.0,0.0,25.2,9.4,16.9,21.0,85
Delon Wright,75.0,22.6,8.7,7.4,43.4,2.2,29.8,3.5,3.3,1.0,1.2,0.4,4.8,50.0,0.4,24.1,0.1,8.2,1.4,33.7,18.2,21.7,7.4,17.2,77
Dennis Schroder,79.0,29.3,15.5,14.0,41.4,4.6,34.1,3.6,4.1,2.2,0.8,0.2,6.4,46.9,2.9,42.7,0.0,11.7,3.1,35.0,24.4,20.9,5.7,23.8,73
Dennis Smith Jr.,53.0,28.5,13.6,12.3,42.8,3.9,32.2,2.9,4.8,2.9,1.3,0.4,6.3,50.8,2.0,35.5,0.2,12.0,1.8,29.6,22.6,27.8,4.8,24.2,75
Derrick Favors,76.0,23.2,11.8,8.1,58.6,1.0,21.8,7.4,1.2,1.1,0.7,1.4,6.4,67.2,0.7,38.2,1.1,0.3,1.0,21.8,23.8,7.9,15.2,18.8,82
Derrick Rose,51.0,27.3,18.0,14.8,48.2,2.9,37.0,2.7,4.3,1.6,0.6,0.2,7.8,53.8,4.2,46.2,0.1,12.0,1.6,35.0,30.4,24.4,4.6,26.1,75
Derrick White,67.0,25.8,9.9,8.1,47.9,2.1,33.8,3.7,3.9,1.4,1.0,0.7,4.4,54.5,1.6,47.7,0.0,8.6,1.6,33.0,18.7,20.6,7.2,17.8,76
Devin Booker,64.0,35.0,26.6,19.6,46.7,6.5,32.6,4.1,6.8,4.1,0.9,0.2,8.6,58.1,4.6,44.9,1.3,13.9,2.7,37.6,35.6,32.7,5.8,32.0,78
Dewayne Dedmon,64.0,25.1,10.8,8.2,49.2,3.4,38.2,7.5,1.4,1.3,1.1,1.1,4.1,61.0,0.7,40.9,0.7,0.8,3.3,38.1,20.0,7.9,14.5,16.6,84
Dion Waiters,44.0,25.9,12.0,10.9,41.4,6.6,37.7,2.6,2.8,1.5,0.7,0.2,3.2,50.0,1.1,38.3,0.0,9.3,4.6,38.6,22.7,16.4,4.9,21.3,76
Domantas Sabonis,74.0,24.8,14.1,9.5,59.0,0.2,52.9,9.3,2.9,2.2,0.6,0.4,7.5,64.0,1.7,38.0,4.4,1.6,0.2,50.0,27.4,18.0,18.4,22.6,83
Donovan Mitchell,77.0,33.7,23.8,19.9,43.2,6.7,36.2,4.1,4.2,2.8,1.4,0.4,10.4,48.1,2.7,40.0,0.1,16.9,2.8,40.1,33.3,20.9,5.8,30.9,75
Dorian Finney-Smith,81.0,24.5,7.5,6.5,43.2,3.1,31.1,4.8,1.2,0.9,0.9,0.4,3.0,56.7,0.4,30.0,0.2,2.6,2.7,32.6,14.6,7.0,9.2,13.5,80
Draymond Green,66.0,31.3,7.4,6.4,44.5,2.5,28.5,7.3,6.9,2.6,1.4,1.1,3.3,60.6,0.6,32.4,4.2,1.5,2.3,28.0,10.9,26.1,11.2,12.8,79
Dwight Howard,9.0,25.5,12.8,7.7,62.3,0.0,0.0,9.2,0.4,1.8,0.8,0.4,6.5,66.2,1.1,40.0,3.3,1.2,0.0,0.0,23.6,2.6,17.7,19.3,83
Dwight Powell,77.0,21.6,10.6,6.3,59.7,1.6,30.7,5.3,1.5,0.9,0.6,0.6,4.4,75.0,0.2,7.1,0.3,1.4,1.6,30.6,23.4,10.1,12.0,16.7,83
Dwyane Wade,72.0,26.2,15.0,13.3,43.3,3.6,33.0,4.0,4.2,2.3,0.8,0.5,6.5,53.8,3.2,33.0,1.6,9.3,1.0,40.5,27.2,26.4,6.9,26.9,76
E'Twaun Moore,53.0,27.6,11.9,10.0,48.1,3.3,43.2,2.4,1.9,1.1,0.8,0.2,5.4,53.7,1.4,36.1,0.1,4.7,2.7,42.7,19.9,9.3,4.1,17.0,76
Elfrid Payton,42.0,29.8,10.6,9.8,43.4,2.5,31.4,5.2,7.6,2.7,1.0,0.4,7.0,48.6,0.3,50.0,0.3,11.4,1.8,34.2,16.2,31.8,8.3,17.7,76
Emmanuel Mudiay,59.0,27.2,14.8,12.5,44.6,3.6,32.9,3.3,3.9,2.4,0.7,0.3,6.5,50.8,2.5,45.9,0.2,11.2,2.0,33.9,25.7,24.2,5.7,24.8,77
Enes Kanter,67.0,24.5,13.7,10.2,54.9,0.5,29.4,9.8,1.7,1.8,0.5,0.4,8.9,58.4,0.8,27.5,6.6,0.9,0.4,26.7,26.7,12.0,18.8,21.9,83
Eric Bledsoe,78.0,29.1,15.9,12.4,48.4,4.8,32.9,4.6,5.5,2.1,1.5,0.4,6.8,60.3,0.8,33.3,0.1,11.1,2.5,29.3,25.1,26.0,7.4,22.5,73
Eric Gordon,68.0,31.7,16.2,13.8,40.9,8.8,36.0,2.2,1.9,1.3,0.6,0.4,4.6,50.0,0.3,40.0,0.1,7.4,6.6,38.3,24.6,9.0,3.3,21.5,76
Evan Fournier,81.0,31.5,15.1,13.2,43.8,5.6,34.0,3.2,3.6,1.9,0.9,0.1,5.4,53.7,2.3,42.1,0.1,8.9,3.6,36.7,23.3,17.0,5.0,21.7,79
Evan Turner,73.0,22.0,6.8,6.1,46.0,0.7,21.2,4.5,3.9,1.6,0.5,0.2,3.6,52.8,1.7,46.0,1.8,4.0,0.6,22.2,14.7,24.2,9.6,15.8,79
Frank Ntilikina,43.0,21.0,5.7,6.6,33.7,2.7,28.7,2.0,2.8,1.3,0.7,0.3,2.4,41.7,1.5,33.3,0.1,4.9,1.9,30.0,12.9,19.5,4.5,16.3,78
Fred VanVleet,64.0,27.5,11.0,9.4,41.0,4.6,37.8,2.6,4.8,1.3,0.9,0.3,3.3,48.5,1.4,39.6,0.0,8.7,2.9,41.2,19.1,24.3,4.6,17.7,72
Garrett Temple,75.0,27.2,7.8,6.6,42.2,3.5,34.1,2.9,1.4,0.9,1.0,0.4,2.3,56.5,0.8,34.9,0.0,2.0,2.9,37.8,13.9,7.5,5.3,13.1,78
Gary Harris,57.0,28.8,12.9,11.2,42.4,4.2,33.9,2.8,2.2,1.2,1.0,0.3,5.6,51.8,1.3,30.3,0.0,7.7,3.0,35.8,21.7,11.0,4.7,19.5,76
George Hill,60.0,21.7,7.6,6.3,45.2,2.6,31.4,2.5,2.3,0.9,0.9,0.1,2.9,55.2,0.9,45.5,0.1,3.4,1.8,33.3,16.6,14.6,5.2,14.7,75
Gerald Green,73.0,20.2,9.2,7.9,40.0,6.0,35.4,2.5,0.5,0.8,0.5,0.4,1.4,64.3,0.5,38.2,0.0,1.9,4.4,38.6,21.9,4.1,5.9,19.0,79
Giannis Antetokounmpo,72.0,32.8,27.7,17.3,57.8,2.8,25.6,12.5,5.9,3.7,1.3,1.5,12.9,68.2,1.6,34.5,4.6,12.5,0.9,22.4,38.5,29.4,17.6,31.4,83
Goran Dragic,36.0,27.5,13.7,12.0,41.3,4.6,34.8,3.1,4.8,2.0,0.8,0.1,6.0,48.3,1.6,32.1,0.1,11.0,2.8,37.4,23.3,25.9,5.2,22.4,75
Gordon Hayward,72.0,25.9,11.5,8.8,46.6,3.2,33.3,4.5,3.4,1.5,0.9,0.3,3.7,59.5,2.0,43.2,0.3,5.7,2.4,35.8,20.7,18.5,8.3,18.3,80
Harrison Barnes,77.0,32.9,16.4,13.3,42.0,5.7,39.5,4.7,1.5,1.3,0.6,0.2,5.8,46.6,1.9,32.2,3.3,5.0,4.5,40.3,23.4,6.9,6.6,20.2,80
Hassan Whiteside,72.0,23.3,12.3,9.4,57.1,0.2,12.5,11.3,0.8,1.3,0.6,1.9,8.5,60.0,0.8,32.1,2.8,0.5,0.2,14.3,25.6,5.4,22.2,21.5,84
Iman Shumpert,62.0,23.9,7.5,7.2,37.4,4.4,34.8,3.0,1.8,0.8,1.0,0.4,1.1,54.5,1.7,33.0,0.2,1.4,3.3,37.3,14.5,9.8,5.7,14.3,77
Isaiah Canaan,30.0,20.9,6.0,5.5,39.0,3.2,35.4,1.9,2.8,1.2,0.5,0.1,1.7,41.2,0.5,53.3,0.1,3.3,1.9,34.5,13.9,19.4,4.7,14.7,72
Ish Smith,56.0,22.3,8.9,8.7,41.9,2.4,32.6,2.6,3.6,1.1,0.5,0.2,4.4,47.7,2.0,42.7,0.0,11.1,1.2,32.4,19.4,24.3,5.5,19.3,72
JJ Redick,76.0,31.3,18.1,13.5,44.0,8.0,39.7,2.4,2.7,1.3,0.4,0.2,1.8,55.6,3.7,48.0,0.0,2.3,4.7,42.4,26.3,12.9,3.6,20.9,76
JR Smith,11.0,20.2,6.7,7.2,34.2,3.5,30.8,1.6,1.9,1.0,1.0,0.3,1.3,46.2,2.4,30.8,0.2,1.9,2.5,37.0,15.6,13.3,3.9,17.6,78
JaKarr Sampson,4.0,31.8,20.0,13.5,53.7,3.5,35.7,8.0,1.0,1.0,1.0,0.8,8.5,58.8,1.5,66.7,0.8,9.3,3.5,35.7,30.8,5.2,11.7,23.4,81
JaMychal Green,65.0,21.1,9.4,7.3,48.3,2.7,40.3,6.3,0.8,1.3,0.7,0.5,3.7,56.8,1.0,39.7,1.7,0.8,2.4,40.3,21.2,5.8,14.3,18.5,81
JaVale McGee,75.0,22.3,12.0,8.5,62.4,0.2,8.3,7.5,0.7,1.4,0.6,2.0,8.0,65.0,0.4,34.4,1.4,0.6,0.2,8.3,24.6,4.5,15.9,19.7,84
Jabari Parker,64.0,26.9,14.5,11.7,49.3,3.0,31.3,6.6,2.4,2.4,0.7,0.5,6.3,61.9,2.4,38.2,2.7,6.5,2.1,31.6,25.1,14.0,11.7,23.6,80
Jae Crowder,80.0,27.1,11.9,10.0,39.9,6.5,33.1,4.8,1.7,1.1,0.8,0.4,2.7,55.6,0.8,41.5,0.2,2.1,5.1,33.6,20.4,9.0,8.3,18.3,78
Jalen Brunson,73.0,21.8,9.3,7.7,46.7,2.5,34.8,2.3,3.2,1.2,0.5,0.1,4.0,55.0,1.3,37.9,0.2,7.9,1.5,33.9,20.3,22.3,5.0,18.6,75
Jamal Murray,75.0,32.6,18.2,15.6,43.7,5.5,36.7,4.2,4.8,2.1,0.9,0.4,6.5,50.8,3.6,43.1,0.3,10.2,2.7,39.3,26.9,22.0,6.3,24.1,76
James Ennis III,58.0,21.2,6.7,5.1,46.9,2.7,35.3,3.1,0.7,0.6,0.7,0.4,2.3,60.9,0.1,42.9,0.0,1.3,2.4,35.0,15.1,4.7,7.4,12.5,79
James Harden,78.0,36.8,36.1,24.5,44.2,13.2,36.8,6.6,7.5,5.0,2.0,0.7,10.3,53.4,1.0,42.0,1.1,19.6,0.9,41.4,48.2,39.4,8.9,39.6,77
James Johnson,55.0,21.2,7.8,6.9,43.3,2.7,33.6,3.2,2.5,1.3,0.6,0.5,3.7,51.4,0.5,23.3,0.5,4.6,2.0,32.4,17.8,16.7,7.1,17.7,80
Jared Dudley,59.0,20.7,4.9,4.1,42.3,2.6,35.1,2.6,1.4,0.7,0.6,0.3,1.2,58.3,0.3,55.6,0.2,2.5,2.5,34.2,11.2,9.3,6.1,10.4,79
Jaren Jackson Jr.,58.0,26.1,13.8,10.2,50.6,2.4,35.9,4.7,1.1,1.7,0.9,1.4,7.2,56.9,0.5,29.6,4.6,2.1,2.2,36.7,26.3,7.4,9.0,23.1,83
Jarrett Allen,80.0,26.2,10.9,7.1,59.0,0.6,13.3,8.4,1.4,1.3,0.5,1.5,6.4,64.1,0.1,28.6,0.3,0.3,0.6,13.3,19.5,7.6,15.0,15.8,83
Jaylen Brown,74.0,25.9,13.0,10.7,46.5,3.7,34.4,4.2,1.4,1.3,0.9,0.4,5.6,57.1,1.4,38.6,1.2,5.1,3.3,34.3,23.8,7.9,7.7,21.5,79
Jayson Tatum,79.0,31.1,15.7,13.1,45.0,3.9,37.3,6.0,2.1,1.5,1.1,0.7,5.7,54.4,3.5,36.6,1.5,5.6,2.5,39.4,24.1,9.8,9.3,21.8,80
Jeff Green,77.0,27.2,12.3,8.9,47.5,4.2,34.7,4.0,1.8,1.3,0.6,0.5,3.4,64.7,1.4,42.9,1.2,2.1,3.6,37.8,21.2,9.3,7.2,17.4,81
Jeff Teague,42.0,30.1,12.1,9.9,42.3,2.5,33.3,2.5,8.2,2.3,1.0,0.4,6.2,45.2,1.2,42.3,0.1,14.1,1.0,37.5,19.0,36.6,3.9,18.6,74
Jemerrio Jones,6.0,23.9,4.5,5.5,36.4,1.7,20.0,8.2,2.2,0.8,1.2,0.8,3.4,50.0,0.5,0.0,0.0,1.0,1.3,25.0,9.1,11.5,15.0,10.8,77
Jerami Grant,80.0,32.7,13.6,10.3,49.7,3.7,39.2,5.2,1.0,0.8,0.8,1.3,6.0,56.7,0.7,34.6,1.4,2.8,3.6,39.7,19.2,4.0,7.3,15.0,81
Jeremy Lamb,79.0,28.5,15.3,12.4,44.0,4.2,34.8,5.5,2.2,1.0,1.1,0.4,6.3,49.2,1.9,46.7,0.1,8.5,2.8,38.5,25.8,11.9,9.1,22.0,77
Jimmy Butler,65.0,33.6,18.7,13.9,46.2,3.0,34.7,5.3,4.0,1.5,1.9,0.6,7.3,56.2,3.6,35.7,1.7,10.2,1.6,36.8,26.1,17.9,7.5,21.8,80
Joe Harris,76.0,30.2,13.7,9.8,50.0,5.1,47.4,3.8,2.4,1.6,0.5,0.2,4.4,52.3,0.4,45.2,0.0,7.0,4.2,48.1,21.2,11.4,6.0,16.7,78
Joe Ingles,82.0,31.3,12.1,9.8,44.8,5.9,39.1,4.0,5.7,2.4,1.2,0.2,3.4,55.9,0.4,40.0,0.1,10.0,3.8,40.1,18.2,26.2,6.1,17.0,80
Joel Embiid,64.0,33.7,27.5,18.7,48.4,4.1,30.0,13.6,3.7,3.5,0.7,1.9,11.0,59.1,3.6,36.1,10.2,4.8,3.3,31.1,37.7,18.5,19.1,32.7,84
John Collins,61.0,30.0,19.5,13.6,56.0,2.6,34.8,9.8,2.0,2.0,0.4,0.6,10.2,63.7,0.8,30.6,2.5,2.8,2.5,35.3,29.8,10.2,15.4,23.0,82
John Wall,32.0,34.5,20.7,17.3,44.4,5.3,30.2,3.6,8.7,3.8,1.5,0.9,8.4,56.0,3.5,38.9,0.4,16.8,3.2,37.3,27.7,39.1,5.0,28.6,76
Jonas Valanciunas,49.0,22.3,15.6,11.0,55.9,1.0,29.2,8.6,1.4,1.8,0.4,1.1,8.9,60.7,1.1,44.2,4.8,1.9,0.9,28.9,32.9,10.9,18.4,27.4,84
Jonathan Isaac,75.0,26.6,9.6,8.1,42.9,3.5,32.3,5.5,1.1,1.0,0.8,1.3,3.3,57.6,1.3,37.8,0.4,1.8,3.3,32.8,17.4,5.5,9.9,16.0,82
Jordan Clarkson,81.0,27.3,16.8,14.6,44.8,5.5,32.4,3.3,2.4,1.7,0.7,0.2,6.2,54.8,2.8,49.8,0.4,9.3,2.9,36.6,29.8,15.3,6.0,26.6,77
Josh Hart,67.0,25.6,7.8,6.9,40.7,4.1,33.6,3.7,1.4,0.9,1.0,0.6,2.5,56.0,0.3,27.3,0.0,1.8,3.3,34.4,13.9,7.2,6.5,13.0,77
Josh Jackson,79.0,25.2,11.5,10.6,41.3,2.8,32.4,4.4,2.3,2.2,0.9,0.7,6.2,45.2,1.6,38.5,0.2,7.0,2.1,35.8,21.5,14.2,8.4,23.4,80
Josh Okogie,74.0,23.7,7.7,6.9,38.6,2.9,27.9,2.9,1.2,0.9,1.2,0.4,3.1,48.4,1.0,34.3,0.0,3.0,2.5,29.4,15.0,6.8,5.9,14.8,76
Josh Richardson,73.0,34.8,16.6,14.1,41.2,6.3,35.7,3.6,4.1,1.5,1.1,0.5,5.1,49.0,2.7,39.5,0.2,10.1,4.6,38.5,22.9,17.7,4.9,20.3,78
Jrue Holiday,67.0,35.8,21.2,17.3,47.2,5.4,32.5,5.0,7.7,3.1,1.6,0.8,9.7,57.7,2.2,38.8,0.5,16.6,1.9,35.4,27.2,30.8,6.5,25.0,76
Julius Randle,73.0,30.6,21.4,14.9,52.4,2.7,34.4,8.7,3.1,2.8,0.7,0.6,11.2,58.9,1.0,31.9,5.2,7.2,2.0,35.8,32.2,15.8,13.4,27.3,81
Justin Holiday,82.0,31.8,10.5,9.5,38.6,5.7,34.8,3.9,1.8,1.3,1.5,0.4,2.4,45.8,1.5,36.9,0.0,2.7,4.4,34.8,15.9,8.4,6.0,15.3,78
Justise Winslow,66.0,29.7,12.6,11.3,43.3,3.9,37.5,5.4,4.3,2.2,1.1,0.3,5.9,47.5,1.5,38.6,0.3,8.8,3.3,41.2,20.5,21.3,8.6,20.6,79
Jusuf Nurkic,72.0,27.4,15.6,11.5,50.8,0.4,10.3,10.4,3.2,2.3,1.0,1.4,9.6,54.2,1.5,42.1,4.4,0.7,0.4,11.5,27.0,16.8,18.1,24.1,84
Kadeem Allen,19.0,21.9,9.9,7.4,46.1,1.9,47.2,2.7,4.0,1.4,0.8,0.2,4.2,50.0,1.4,34.6,0.0,10.3,1.2,56.5,21.7,27.7,6.0,19.5,75
Karl-Anthony Towns,77.0,33.0,24.4,17.1,51.8,4.6,40.0,12.4,3.4,3.1,0.9,1.6,10.0,60.0,2.4,39.9,12.9,3.6,4.0,41.1,35.1,16.9,17.6,28.0,84
Kawhi Leonard,60.0,34.0,26.6,18.8,49.6,5.0,37.1,7.3,3.3,2.0,1.8,0.4,8.3,60.2,5.5,45.9,4.0,13.6,2.5,40.8,37.4,15.9,10.6,30.0,79
Kelly Olynyk,79.0,22.9,10.0,7.1,46.3,4.0,35.4,4.7,1.8,1.4,0.7,0.5,2.5,68.0,0.5,35.7,1.2,2.0,3.3,37.3,20.9,11.3,9.9,17.5,84
Kelly Oubre Jr.,69.0,28.0,15.2,12.2,44.5,4.9,32.0,4.7,1.2,1.5,1.2,0.9,6.5,53.8,0.8,46.4,0.1,6.0,3.9,31.1,25.0,6.7,8.0,22.3,79
Kemba Walker,82.0,34.9,25.6,20.5,43.4,8.9,35.6,4.4,5.9,2.6,1.2,0.4,8.3,50.6,3.3,46.9,0.0,15.2,2.8,34.8,35.4,28.7,6.0,30.8,73
Kenrich Williams,46.0,23.5,6.1,6.1,38.4,3.4,33.3,4.8,1.8,0.8,1.0,0.4,2.4,45.8,0.4,16.7,0.1,2.0,2.8,33.9,11.7,9.4,9.4,11.9,79
Kent Bazemore,67.0,24.5,11.6,10.3,40.2,4.5,32.0,3.9,2.3,1.8,1.3,0.6,4.3,51.2,1.5,41.8,0.0,6.8,2.9,35.4,21.5,14.4,7.2,21.5,77
Kentavious Caldwell-Pope,82.0,24.8,11.4,9.2,43.0,5.3,34.7,2.9,1.3,0.8,0.9,0.2,2.4,58.3,1.5,48.0,0.0,1.9,4.1,36.7,21.2,7.7,5.5,17.5,77
Kevin Durant,78.0,34.6,26.0,17.7,52.1,5.0,35.3,6.4,5.9,2.9,0.7,1.1,6.8,63.2,5.9,55.1,6.3,7.5,2.2,40.8,34.9,25.1,8.8,28.3,81
Kevin Huerter,75.0,27.3,9.7,8.8,41.9,4.7,38.5,3.3,2.9,1.5,0.9,0.3,3.5,48.6,0.5,34.2,0.0,4.7,3.1,38.4,16.2,13.9,5.6,15.3,79
Kevin Knox II,75.0,28.8,12.8,12.2,37.0,4.9,34.3,4.5,1.1,1.5,0.6,0.3,5.1,45.1,2.3,24.3,0.3,5.4,4.1,34.0,21.1,6.0,7.1,21.9,81
Kevin Love,22.0,27.2,17.0,12.9,38.5,6.7,36.1,10.9,2.2,1.9,0.3,0.2,4.3,46.5,1.9,26.2,5.6,1.9,5.2,31.3,30.0,12.5,19.3,25.9,82
Khris Middleton,77.0,31.1,18.3,14.9,44.1,6.2,37.8,6.0,4.3,2.3,1.0,0.1,5.5,50.9,3.2,43.5,2.0,7.8,3.0,35.1,27.0,19.4,8.9,24.6,80
Klay Thompson,78.0,34.0,21.5,18.0,46.7,7.7,40.2,3.8,2.4,1.5,1.1,0.6,4.6,58.7,5.7,45.3,1.3,4.4,6.1,40.5,29.7,10.3,5.5,25.4,79
Kris Dunn,46.0,30.2,11.3,11.0,42.5,2.1,35.4,4.1,6.0,2.3,1.5,0.5,6.3,47.6,2.6,38.1,0.5,11.7,1.3,28.8,18.0,29.0,6.6,19.8,76
Kyle Anderson,43.0,29.8,8.0,6.4,54.3,0.8,26.5,5.8,3.0,1.3,1.3,0.9,4.8,60.4,0.8,50.0,0.3,3.7,0.7,26.7,13.4,15.5,10.0,12.7,81
Kyle Kuzma,70.0,33.1,18.7,15.5,45.6,6.0,30.3,5.5,2.5,1.9,0.6,0.4,8.1,58.0,1.4,39.4,2.1,6.0,5.0,31.7,25.9,11.3,7.7,23.3,81
Kyle Lowry,65.0,34.1,14.2,11.4,41.1,7.0,34.7,4.8,8.7,2.8,1.4,0.5,3.0,60.0,1.4,37.0,0.1,7.8,4.3,38.3,19.7,32.9,6.9,19.1,73
Kyrie Irving,67.0,33.0,23.8,18.5,48.7,6.5,40.1,5.0,6.9,2.6,1.5,0.5,7.9,54.4,4.2,49.6,0.7,11.4,3.3,45.4,33.8,33.0,7.2,28.6,75
LaMarcus Aldridge,81.0,33.2,21.3,16.3,51.9,0.5,23.8,9.2,2.4,1.8,0.5,1.3,8.7,58.6,7.1,44.9,12.4,0.9,0.4,25.0,31.3,11.5,13.9,26.8,83
Landry Shamet,79.0,22.8,9.1,7.1,43.1,5.0,42.2,1.7,1.5,0.6,0.5,0.1,1.4,50.0,0.7,32.7,0.0,1.7,3.9,42.0,18.6,9.0,3.6,14.5,77
Langston Galloway,80.0,21.8,8.4,7.3,38.8,4.8,35.5,2.1,1.1,0.3,0.5,0.1,1.7,41.2,1.0,44.7,0.0,2.1,4.4,35.0,18.4,7.2,4.7,15.3,74
Larry Nance Jr.,67.0,26.8,9.4,7.1,52.0,1.5,33.7,8.2,3.2,1.4,1.5,0.6,4.7,63.8,1.0,28.8,2.1,1.8,1.2,36.6,17.1,17.9,15.4,15.2,81
Lauri Markkanen,52.0,32.3,18.7,15.3,43.0,6.4,36.1,9.0,1.4,1.6,0.7,0.6,6.9,52.2,2.0,33.7,2.5,6.0,5.8,36.5,28.0,7.0,13.8,24.5,84
LeBron James,55.0,35.2,27.4,19.9,51.0,5.9,33.9,8.5,8.3,3.6,1.3,0.6,10.8,63.0,3.2,43.1,2.9,12.4,1.8,36.0,35.7,37.6,11.4,31.1,80
Lonzo Ball,47.0,30.3,9.9,9.7,40.6,4.9,32.9,5.3,5.4,2.2,1.5,0.4,4.2,50.0,0.7,35.5,0.5,5.0,3.2,31.8,15.0,23.6,8.1,16.7,78
Lou Williams,75.0,26.6,20.0,15.2,42.5,3.9,36.1,3.0,5.4,2.4,0.8,0.1,7.1,49.3,4.2,36.5,0.0,12.3,1.6,36.8,34.1,31.8,5.1,30.8,73
Luka Doncic,72.0,32.2,21.2,16.5,42.7,7.1,32.7,7.8,6.0,3.4,1.1,0.3,7.5,53.3,1.8,38.3,1.7,14.7,1.8,37.4,31.2,31.7,11.7,29.6,79
Luke Kennard,63.0,22.8,9.7,8.3,43.8,4.3,39.4,2.9,1.8,0.9,0.4,0.2,2.0,55.0,2.0,43.1,0.0,4.2,3.0,42.0,20.9,12.2,6.2,17.9,77
Malcolm Brogdon,64.0,28.6,15.6,11.7,50.5,3.8,42.6,4.5,3.2,1.4,0.7,0.2,7.3,56.2,0.6,40.5,0.2,10.1,2.8,47.5,25.0,15.7,7.3,20.2,77
Malik Beasley,81.0,23.2,11.3,9.1,47.4,5.0,40.2,2.5,1.2,0.7,0.7,0.1,3.1,58.1,1.1,43.7,0.0,2.5,4.1,42.2,23.3,7.4,5.1,18.1,77
Marc Gasol,79.0,30.8,13.6,11.0,44.8,3.5,36.3,7.9,4.4,2.0,1.1,1.1,5.0,50.0,2.5,46.9,6.5,1.5,3.3,37.1,21.8,22.2,13.2,21.0,85
Marco Belinelli,79.0,23.0,10.5,8.7,41.3,5.0,37.2,2.5,1.7,0.9,0.4,0.1,1.8,55.6,1.9,40.9,0.1,2.0,3.3,38.6,21.4,10.2,5.2,18.7,77
Marcus Morris Sr.,75.0,27.9,13.9,11.3,44.7,5.2,37.5,6.1,1.5,1.2,0.6,0.3,3.7,56.8,2.3,44.0,1.5,3.1,4.3,38.9,23.5,7.3,10.6,20.3,81
Marcus Smart,80.0,27.5,8.9,7.1,42.2,4.3,36.4,2.9,4.0,1.5,1.8,0.4,2.3,52.2,0.5,36.6,1.0,3.5,3.2,38.7,15.3,19.0,5.1,14.4,76
Mario Hezonja,58.0,20.8,8.8,8.0,41.2,2.6,27.6,4.1,1.5,1.5,1.0,0.1,4.2,47.6,1.2,42.3,0.2,4.7,1.8,27.5,20.2,11.6,9.3,20.8,80
Markelle Fultz,19.0,22.5,8.2,8.2,41.9,0.7,28.6,3.7,3.1,1.3,0.9,0.3,5.3,50.9,2.2,24.4,0.2,7.4,0.6,18.2,16.7,21.2,7.3,18.9,76
Markieff Morris,58.0,21.9,9.4,8.3,42.1,3.5,33.5,4.6,1.4,0.9,0.6,0.4,3.5,48.6,1.4,40.2,2.9,1.1,3.4,33.7,20.1,9.2,10.1,19.1,82
Marvin Bagley III,62.0,25.3,14.9,11.4,50.4,1.5,31.3,7.6,1.0,1.6,0.5,1.0,7.9,58.2,1.9,37.5,5.5,1.8,1.2,33.3,27.1,6.0,13.6,23.7,83
Marvin Williams,75.0,28.4,10.1,8.7,42.2,5.1,36.6,5.4,1.2,0.6,0.9,0.8,3.1,51.6,0.5,41.2,1.1,1.3,4.9,37.4,17.0,6.1,9.1,14.7,81
Mason Plumlee,82.0,21.1,7.8,5.4,59.3,0.1,20.0,6.4,3.0,1.5,0.8,0.9,4.9,63.3,0.3,26.9,3.3,1.3,0.1,33.3,17.8,19.9,14.4,15.9,83
Maurice Harkless,60.0,23.6,7.7,6.5,48.7,2.0,27.5,4.5,1.2,0.8,1.1,0.9,4.3,60.5,0.3,25.0,1.5,1.5,1.9,27.9,15.3,6.8,9.0,13.5,81
Maxi Kleber,71.0,21.2,6.8,5.4,45.3,3.1,35.3,4.6,1.0,0.8,0.5,1.1,2.0,60.0,0.4,40.0,0.6,1.2,3.0,35.2,15.5,6.8,10.3,13.2,83
Mikal Bridges,82.0,29.5,8.3,6.9,43.0,3.8,33.5,3.2,2.1,0.9,1.6,0.5,2.7,59.3,0.4,33.3,0.2,2.6,3.4,33.5,13.3,9.7,5.4,11.9,79
Mike Conley,70.0,33.5,21.1,16.0,43.8,6.1,36.4,3.4,6.4,1.9,1.3,0.3,7.1,50.7,2.8,44.2,0.1,13.3,2.7,39.8,30.9,32.7,5.1,26.2,73
Mike Muscala,64.0,20.4,7.0,5.6,40.2,4.0,34.8,3.8,1.2,0.8,0.3,0.6,1.2,50.0,0.5,51.7,0.3,0.4,3.9,35.6,15.7,8.1,8.8,13.8,83
Miles Bridges,80.0,21.2,7.5,6.4,46.4,2.5,32.5,4.0,1.2,0.6,0.7,0.6,3.6,55.6,0.4,25.0,0.6,2.6,2.0,34.0,16.7,8.1,9.1,14.7,79
Mitchell Robinson,66.0,20.6,7.3,4.4,69.4,0.0,0.0,6.4,0.6,0.5,0.8,2.4,4.4,70.5,0.0,33.3,0.4,0.0,0.0,0.0,17.0,4.2,14.4,11.9,85
Monte Morris,82.0,24.0,10.4,8.6,49.3,2.8,41.4,2.4,3.6,0.6,0.9,0.0,4.2,54.8,1.7,45.7,0.1,5.4,2.1,44.3,20.9,22.1,4.7,16.8,75
Montrezl Harrell,82.0,26.3,16.6,10.8,61.5,0.2,17.6,6.5,2.0,1.6,0.9,1.3,10.2,63.7,0.4,36.1,3.9,1.5,0.1,33.3,29.2,12.3,11.7,22.7,80
Myles Turner,74.0,28.6,13.3,10.5,48.7,2.6,38.8,7.2,1.6,1.4,0.8,2.7,4.6,58.7,3.3,41.2,2.3,0.7,2.5,37.3,22.6,8.3,12.3,19.9,83
Nemanja Bjelica,77.0,23.2,9.6,7.7,47.9,3.3,40.1,5.8,1.9,1.1,0.7,0.7,4.1,53.7,0.3,31.8,1.0,2.9,2.9,40.8,18.9,10.7,11.7,16.2,82
Nicolas Batum,75.0,31.4,9.3,7.5,45.0,4.0,38.9,5.2,3.3,1.6,0.9,0.6,2.4,58.3,1.2,35.6,0.2,3.3,2.9,39.4,14.3,14.5,7.9,12.9,80
Nikola Jokic,80.0,31.3,20.1,15.1,51.1,3.4,30.7,10.8,7.3,3.1,1.4,0.7,9.8,60.2,1.9,40.3,7.7,3.7,2.9,31.6,31.2,36.1,16.9,27.1,84
Nikola Mirotic,46.0,27.1,15.2,11.8,43.9,6.9,36.5,7.4,1.2,1.0,0.7,0.7,3.3,63.6,1.5,35.7,1.7,1.2,5.8,38.2,25.1,6.1,12.3,20.6,82
Nikola Vucevic,80.0,31.4,20.8,16.9,51.8,2.9,36.4,12.0,3.8,2.0,1.0,1.1,10.4,58.7,3.6,43.6,9.2,2.3,2.7,36.2,32.1,20.8,18.8,27.6,84
Noah Vonleh,68.0,25.3,8.4,6.5,47.0,2.0,33.6,7.8,1.9,1.3,0.7,0.8,4.0,57.5,0.4,35.7,2.7,2.4,1.8,35.8,15.7,10.8,14.5,14.4,81
OG Anunoby,67.0,20.2,7.0,6.0,45.3,3.0,33.2,2.9,0.7,0.8,0.7,0.3,2.8,57.1,0.3,41.2,0.3,2.3,2.7,34.4,16.2,5.0,6.9,14.8,80
Otto Porter Jr.,56.0,30.1,13.9,11.5,46.5,4.6,40.6,5.6,2.1,1.2,1.5,0.6,3.4,61.8,3.5,39.0,0.8,3.0,3.6,43.2,21.6,10.0,9.2,18.5,80
P.J. Tucker,82.0,34.2,7.3,6.4,39.6,4.7,37.7,5.8,1.2,0.8,1.6,0.5,1.6,43.8,0.1,33.3,0.1,1.3,4.6,38.0,10.5,4.7,8.4,9.4,78
Pascal Siakam,80.0,31.8,16.9,11.8,54.9,2.7,36.9,6.9,3.1,1.9,0.9,0.7,8.5,61.2,0.6,43.8,2.3,7.6,2.5,38.1,25.2,14.1,10.5,20.5,81
Pat Connaughton,61.0,20.7,6.9,5.7,46.6,3.3,33.0,4.2,2.0,0.5,0.5,0.4,2.3,65.2,0.2,60.0,0.0,2.4,3.0,32.8,15.3,12.8,9.2,13.0,76
Patrick Beverley,78.0,27.4,7.6,6.1,40.7,3.6,39.7,5.0,3.8,1.1,0.9,0.6,2.4,41.7,0.1,27.3,0.0,5.0,2.7,41.0,13.1,18.3,8.7,12.0,73
Patty Mills,82.0,23.3,9.9,8.1,42.5,4.9,39.4,2.2,3.0,1.1,0.6,0.1,1.5,66.7,1.6,34.4,0.0,3.7,3.0,42.4,19.8,17.4,4.5,17.5,72
Paul George,77.0,36.9,28.0,21.0,43.8,9.8,38.6,8.2,4.1,2.7,2.2,0.4,7.1,52.1,4.1,41.5,1.5,10.0,5.4,40.0,35.0,17.3,10.1,28.5,81
Paul Millsap,70.0,27.1,12.6,9.5,48.4,2.3,36.5,7.2,2.0,1.4,1.2,0.8,6.1,54.1,1.1,42.5,3.2,3.1,2.0,38.7,22.5,10.4,13.0,19.1,80
RJ Hunter,1.0,25.7,17.0,13.0,46.2,10.0,40.0,3.0,3.0,0.0,1.0,0.0,2.0,50.0,1.0,100.0,0.0,2.0,7.0,42.9,32.1,15.0,4.5,22.6,77
Rajon Rondo,46.0,29.8,9.2,9.4,40.5,3.1,35.9,5.3,8.0,2.8,1.2,0.2,5.2,44.2,1.0,34.0,0.1,9.9,1.5,32.8,14.2,36.0,8.3,17.2,73
Reggie Bullock,63.0,29.8,11.3,9.4,41.2,6.2,37.7,2.7,2.0,1.0,0.6,0.2,2.0,40.0,1.2,53.2,0.0,2.1,5.5,38.7,18.0,9.6,4.5,15.4,79
Reggie Jackson,82.0,27.9,15.4,12.8,42.1,5.7,36.9,2.6,4.2,1.8,0.7,0.1,5.0,48.0,2.1,42.9,0.2,8.8,3.9,39.6,26.7,24.1,4.6,23.7,75
Ricky Rubio,68.0,27.9,12.7,10.7,40.4,3.7,31.1,3.6,6.1,2.6,1.3,0.1,4.3,48.8,2.7,38.8,0.0,12.0,2.7,33.7,21.4,31.3,6.2,22.1,76
Robert Covington,35.0,34.4,13.3,10.3,43.1,6.4,37.8,5.5,1.3,1.3,2.1,1.3,2.9,55.2,1.1,40.5,0.1,2.3,5.5,39.4,18.3,5.5,7.5,15.4,81
Robin Lopez,74.0,21.7,9.5,7.2,56.8,0.4,22.6,3.9,1.2,1.3,0.1,1.1,6.1,62.3,0.7,30.8,4.0,0.8,0.4,22.6,21.0,8.4,8.5,18.3,84
Rodions Kurucs,63.0,20.5,8.5,7.1,45.0,2.9,31.5,3.9,0.8,1.2,0.7,0.4,4.0,55.0,0.3,37.5,0.1,3.2,2.7,31.4,18.7,5.7,8.6,17.5,81
Rodney Hood,72.0,26.3,11.2,9.3,43.5,3.3,35.6,2.2,1.8,0.8,0.8,0.2,3.3,51.5,2.7,44.6,0.6,4.4,2.0,34.5,20.8,10.1,4.1,17.8,80
Rodney McGruder,66.0,23.5,7.6,7.0,40.3,3.4,35.1,3.6,1.7,1.0,0.5,0.2,3.3,45.5,0.3,33.3,0.0,4.8,2.9,36.1,15.5,10.3,7.0,14.7,76
Rondae Hollis-Jefferson,59.0,20.9,8.9,8.3,41.1,0.8,18.4,5.3,1.6,1.2,0.7,0.5,6.7,44.8,0.8,26.1,1.7,4.3,0.7,20.5,19.8,11.9,11.5,21.0,79
Royce O'Neale,82.0,20.4,5.2,4.2,47.5,2.1,38.6,3.5,1.5,0.9,0.7,0.3,1.9,57.9,0.1,20.0,0.0,2.8,1.9,40.4,12.0,10.2,8.2,10.8,78
Rudy Gay,69.0,26.7,13.7,10.8,50.4,2.7,40.2,6.8,2.6,1.7,0.8,0.5,5.1,54.9,3.0,52.2,2.4,4.8,2.2,39.2,24.7,14.5,12.5,21.6,80
Rudy Gobert,81.0,31.8,15.9,8.8,66.9,0.0,0.0,12.9,2.0,1.6,0.8,2.3,8.6,67.4,0.1,9.1,0.7,0.7,0.0,0.0,23.6,9.5,19.4,17.5,85
Russell Westbrook,73.0,36.0,22.9,20.2,42.8,5.6,29.0,11.1,10.7,4.5,1.9,0.5,9.7,56.7,4.9,31.8,1.8,18.4,2.3,32.1,29.1,44.0,14.1,30.1,75
Ryan Arcidiacono,81.0,24.2,6.7,5.2,44.7,2.7,37.3,2.7,3.3,0.8,0.8,0.0,2.0,55.0,0.5,43.6,0.0,5.2,2.0,42.0,13.4,19.1,5.4,11.7,75
Serge Ibaka,74.0,27.2,15.0,11.9,52.9,2.3,29.0,8.1,1.3,1.5,0.4,1.4,6.6,62.1,3.0,49.1,2.0,1.5,2.2,29.3,26.5,7.6,14.4,22.7,82
Shai Gilgeous-Alexander,82.0,26.5,10.8,8.7,47.6,1.7,36.7,2.8,3.3,1.7,1.2,0.5,5.2,51.9,1.9,46.2,0.2,10.4,1.4,37.1,19.0,17.9,5.3,18.2,78
Shelvin Mack,57.0,21.9,7.5,7.1,40.4,2.3,35.4,1.8,3.2,1.2,0.8,0.1,3.5,48.6,1.2,26.1,0.1,6.7,1.0,32.2,16.9,24.1,4.2,17.9,75
Spencer Dinwiddie,68.0,28.1,16.8,12.2,44.2,5.4,33.5,2.4,4.6,2.2,0.6,0.3,6.1,54.1,0.7,40.4,0.0,14.1,2.2,36.8,27.9,27.2,4.1,24.2,78
Stephen Curry,69.0,33.8,27.3,19.4,47.2,11.7,43.7,5.3,5.2,2.8,1.3,0.4,4.8,58.3,2.8,43.4,0.3,7.7,6.7,44.6,37.2,22.5,7.5,29.2,75
Steven Adams,80.0,33.4,13.9,10.1,59.5,0.0,0.0,9.5,1.6,1.7,1.5,1.0,9.8,60.2,0.3,60.0,5.0,0.1,0.0,0.0,19.0,6.3,13.1,16.0,84
T.J. Warren,43.0,31.6,18.0,14.2,48.6,4.2,42.8,4.0,1.5,1.2,1.2,0.7,7.6,56.6,2.4,35.0,0.7,6.8,3.6,43.5,26.8,7.3,6.4,22.1,80
Taj Gibson,70.0,24.1,10.8,7.7,56.6,0.5,32.4,6.5,1.2,1.0,0.8,0.6,6.3,60.3,0.9,43.9,3.0,0.8,0.5,34.4,21.1,7.2,12.8,16.7,81
Taurean Prince,55.0,28.2,13.5,10.8,44.1,5.7,39.0,3.6,2.1,1.8,1.0,0.3,3.7,54.1,1.4,40.8,0.1,5.7,3.7,42.8,21.6,10.7,6.0,19.0,80
Terrance Ferguson,74.0,26.1,6.9,5.8,42.9,3.9,36.6,1.9,1.0,0.6,0.5,0.2,1.5,60.0,0.5,26.5,0.0,1.4,3.6,37.0,12.3,4.6,3.4,10.4,79
Terrence Ross,81.0,26.5,15.1,12.7,42.8,7.0,38.3,3.5,1.7,1.1,0.9,0.4,1.7,58.8,4.0,43.5,0.0,2.1,4.7,38.6,27.2,10.3,6.2,23.0,79
Terry Rozier,79.0,22.7,9.0,8.4,38.7,4.3,35.3,3.9,2.9,0.9,0.9,0.3,3.0,50.0,1.1,26.1,0.0,4.9,2.7,37.1,18.8,19.3,8.0,18.1,73
Thaddeus Young,81.0,30.7,12.6,10.4,52.7,1.8,34.9,6.5,2.5,1.5,1.5,0.4,8.0,58.8,0.7,20.4,5.1,1.8,1.7,34.3,20.1,12.0,10.5,17.9,80
Thomas Bryant,72.0,20.8,10.5,7.0,61.6,1.4,33.3,6.3,1.3,0.8,0.3,0.9,4.6,76.1,1.0,44.3,0.6,0.4,1.2,36.4,23.5,9.0,14.5,17.0,83
Tim Hardaway Jr.,65.0,31.6,18.1,15.3,39.3,7.3,34.0,3.4,2.4,1.6,0.8,0.1,4.9,44.9,3.1,42.0,0.4,5.4,4.4,32.3,27.2,12.5,5.1,24.6,78
Tobias Harris,82.0,34.7,20.0,15.3,48.7,4.8,39.7,7.9,2.8,1.8,0.6,0.5,7.7,55.8,2.8,43.7,2.1,8.8,3.5,38.2,27.2,12.6,10.8,22.5,81
Tomas Satoransky,80.0,27.0,8.9,6.6,48.5,2.0,39.5,3.5,5.0,1.5,1.0,0.2,3.7,59.5,0.9,33.3,0.2,6.9,1.8,39.7,15.4,24.8,6.3,13.9,79
Trae Young,81.0,30.9,19.1,15.5,41.8,6.0,32.4,3.7,8.1,3.8,0.9,0.2,7.9,50.6,1.7,34.5,0.0,17.6,1.6,36.8,28.1,39.0,5.7,27.7,74
Treveon Graham,35.0,20.4,5.3,5.5,33.5,3.7,29.7,3.1,1.0,0.5,0.4,0.2,1.4,42.9,0.4,40.0,0.1,2.3,3.5,30.9,11.8,6.2,6.7,12.3,77
Trevor Ariza,69.0,34.0,12.5,10.7,39.9,6.3,33.4,5.4,3.7,1.5,1.3,0.3,3.8,50.0,0.6,42.1,0.6,6.0,4.6,34.1,17.3,14.9,7.9,16.4,80
Tristan Thompson,43.0,27.9,10.9,8.8,52.9,0.0,0.0,10.2,2.0,1.4,0.7,0.4,8.1,54.3,0.7,38.7,3.1,1.8,0.0,0.0,19.4,11.0,18.4,17.5,82
Tyler Johnson,57.0,26.8,10.9,9.2,41.3,4.6,34.6,3.0,2.9,1.4,0.9,0.5,3.8,52.6,0.9,28.8,0.0,6.8,4.2,34.7,19.2,16.5,5.3,18.0,76
Tyreke Evans,69.0,20.3,10.2,9.6,38.9,3.1,35.6,2.9,2.4,1.7,0.8,0.3,5.1,43.1,1.4,32.3,0.3,6.5,1.6,38.7,24.0,17.6,6.9,25.5,78
Tyus Jones,68.0,22.9,6.9,6.6,41.5,1.9,31.7,2.0,4.8,0.7,1.2,0.1,3.4,50.0,1.3,36.7,0.0,4.6,1.0,36.8,14.0,28.4,4.1,13.9,74
Victor Oladipo,36.0,31.9,18.8,16.3,42.3,6.0,34.3,5.6,5.2,2.3,1.7,0.3,5.7,50.9,4.6,42.5,0.0,9.5,2.7,40.6,28.8,25.0,8.7,27.8,76
Walt Lemon Jr.,6.0,27.9,14.3,14.5,43.7,0.8,40.0,4.5,5.0,1.7,1.8,0.2,10.7,46.7,3.0,33.3,0.0,17.7,0.8,40.0,24.5,28.3,7.6,25.3,75
Wayne Ellington,53.0,24.5,10.3,8.6,40.3,7.0,37.1,2.0,1.4,0.8,1.0,0.1,1.2,66.7,0.4,30.0,0.0,1.9,4.8,36.6,20.5,8.6,3.9,16.7,77
Wendell Carter Jr.,44.0,25.2,10.3,8.4,48.5,0.7,18.8,7.0,1.8,1.5,0.6,1.3,5.6,58.9,2.1,35.2,3.1,0.3,0.6,23.1,19.9,11.8,13.6,19.2,82
Wesley Matthews,69.0,30.3,12.2,10.1,40.0,5.8,37.2,2.5,2.3,1.3,0.8,0.2,3.1,41.9,1.2,42.7,2.7,3.7,4.3,40.1,19.2,11.3,3.9,17.5,77
Will Barton,43.0,27.7,11.5,10.7,40.2,4.6,34.2,4.6,2.9,1.5,0.4,0.5,4.9,46.9,1.3,36.4,0.2,6.6,2.8,38.8,19.9,14.6,8.1,19.5,78
Willie Cauley-Stein,81.0,27.3,11.9,9.1,55.6,0.0,50.0,8.4,2.4,1.0,1.2,0.6,8.1,58.0,1.0,36.9,2.9,1.7,0.0,100.0,20.0,12.1,14.2,17.3,84
Wilson Chandler,51.0,23.1,6.0,5.4,41.8,3.1,37.3,4.2,1.6,0.9,0.5,0.4,1.7,52.9,0.6,35.5,0.5,1.7,2.7,40.0,12.0,8.9,8.9,11.5,81
Zach LaVine,63.0,34.5,23.7,18.0,46.7,5.1,37.4,4.7,4.5,3.4,1.0,0.4,9.6,55.2,3.2,35.8,0.5,13.6,1.7,37.3,33.0,22.4,6.6,29.8,77
