Player,GP,MIN,PTS,FGA,FG%,3PA,3P%,REB,AST,TO,STL,BLK,Close FGA,Close FG%,Mid FGA,Mid FG%,Post_Ups,Drives,CS_3PA,CS_3P%,PP100Pos,AST %,REB %,USG %,Height
Aaron Gordon,25.0,29.4,14.6,11.7,43.7,4.5,37.5,6.6,4.2,2.7,0.6,0.8,5.1,52.9,2.1,32.1,2.8,6.7,2.5,43.5,23.8,22.3,10.9,23.6,80
Al Horford,28.0,27.9,14.2,12.9,45.0,5.4,36.8,6.7,3.4,1.0,0.9,0.9,5.3,54.7,2.2,39.3,3.9,2.0,4.7,36.6,24.3,20.6,11.4,22.1,81
Al-Farouq Aminu,17.0,21.6,5.5,5.2,40.4,1.8,22.6,5.4,1.7,1.5,1.0,0.5,2.7,48.1,0.7,50.0,1.3,1.9,1.7,24.1,12.4,11.6,12.2,14.5,80
Alec Burks,32.0,25.7,12.6,10.3,41.6,4.7,40.4,4.3,2.2,1.1,0.8,0.3,3.7,43.2,1.8,40.7,0.0,5.4,3.0,38.5,24.0,13.3,8.2,20.8,78
Aleksej Pokusevski,25.0,21.8,5.6,7.1,29.2,3.9,23.7,4.8,1.7,1.6,0.4,1.0,1.9,36.8,1.4,35.3,0.0,2.6,3.2,26.6,11.8,10.8,9.9,16.8,84
Alize Johnson,1.0,33.0,23.0,15.0,73.3,1.0,0.0,15.0,3.0,1.0,2.0,0.0,12.0,75.0,2.0,100.0,0.0,4.0,1.0,0.0,33.3,18.8,19.0,20.3,79
Andre Drummond,25.0,28.9,17.5,15.2,47.4,0.3,0.0,13.5,2.6,3.2,1.6,1.2,14.5,49.7,0.4,0.0,8.0,3.9,0.3,0.0,29.5,15.1,24.3,30.3,82
Andre Iguodala,40.0,21.3,4.7,4.0,39.1,3.1,34.4,3.7,2.1,1.0,1.0,0.5,0.9,55.6,0.1,20.0,0.2,1.1,2.6,34.3,10.6,14.9,8.4,10.9,78
Andrew Wiggins,44.0,32.2,17.7,14.2,46.9,5.0,38.3,4.6,2.1,1.9,0.9,0.9,6.4,57.8,2.8,37.1,1.5,8.0,3.3,37.5,25.3,10.5,6.8,22.8,79
Anthony Davis,23.0,32.8,22.5,16.7,53.3,2.5,29.3,8.4,3.0,2.0,1.3,1.8,9.3,67.7,4.9,37.5,8.5,2.8,2.0,31.9,33.2,14.6,13.0,27.4,82
Anthony Edwards,44.0,30.3,16.9,16.1,38.6,6.8,31.5,4.3,2.6,2.0,1.0,0.4,7.6,47.4,1.8,25.0,0.2,9.7,3.1,34.1,26.0,13.2,6.7,26.4,76
Austin Rivers,21.0,21.1,7.3,6.4,43.0,3.7,36.4,2.2,2.0,1.0,0.6,0.0,2.4,54.2,0.4,57.1,0.0,6.4,2.3,35.4,17.3,14.5,5.1,16.2,76
Avery Bradley,10.0,21.1,8.5,6.6,47.0,3.8,42.1,1.8,1.4,0.9,0.7,0.1,1.7,64.7,1.1,36.4,0.1,2.1,3.7,43.2,18.9,10.4,4.2,16.2,75
Bam Adebayo,38.0,33.7,19.2,12.8,55.7,0.2,28.6,9.5,5.4,2.8,0.9,1.1,9.7,60.8,2.9,41.3,5.6,3.6,0.1,100.0,27.8,27.2,14.2,23.6,81
Ben Simmons,36.0,34.1,16.1,11.2,56.3,0.2,37.5,8.0,7.6,3.5,1.5,0.7,10.7,57.9,0.3,25.0,2.9,12.0,0.2,33.3,22.0,32.0,11.6,20.9,83
Bismack Biyombo,41.0,21.7,5.5,4.0,57.8,0.0,0.0,5.3,1.3,1.0,0.3,1.1,3.9,61.5,0.1,0.0,0.6,0.1,0.0,0.0,12.3,8.7,11.7,11.3,80
Blake Griffin,22.0,30.0,11.6,10.4,37.3,5.7,31.7,5.0,3.5,1.5,0.7,0.1,3.7,51.4,0.9,15.0,4.1,2.2,2.4,35.8,19.2,18.1,8.3,19.0,81
Bobby Portis,43.0,21.0,11.0,8.6,53.8,2.4,48.0,6.8,1.1,0.8,0.8,0.4,4.4,61.4,1.8,46.2,1.8,1.0,2.3,47.5,24.3,7.4,15.2,18.9,82
Bogdan Bogdanovic,19.0,23.4,10.2,9.1,40.5,5.9,34.5,3.4,2.2,1.0,0.5,0.2,2.5,48.0,0.7,50.0,0.2,5.1,4.7,36.7,20.7,14.9,6.7,18.7,78
Bojan Bogdanovic,43.0,30.2,15.0,11.7,41.4,6.5,38.4,3.8,1.9,1.5,0.5,0.0,4.3,46.5,0.9,35.1,1.2,6.6,5.0,36.6,23.8,9.1,6.0,20.6,79
Bradley Beal,39.0,35.7,31.8,22.9,48.8,6.5,33.3,5.1,4.6,3.3,1.3,0.4,10.2,57.8,6.1,49.6,0.4,15.0,3.2,37.3,40.6,22.3,7.0,33.7,75
Brandon Clarke,36.0,26.1,11.7,9.4,52.1,1.5,31.5,5.6,1.6,0.6,1.1,0.9,7.3,57.5,0.6,35.0,0.3,3.5,1.5,31.5,21.1,8.6,10.5,17.1,80
Brandon Ingram,43.0,34.3,24.2,18.0,47.9,6.3,38.1,5.1,4.7,2.4,0.7,0.7,6.3,58.7,5.4,47.6,0.5,13.2,3.8,41.5,34.2,21.3,7.4,27.8,80
Brook Lopez,43.0,27.3,11.5,8.9,47.2,4.5,33.3,5.0,0.7,0.9,0.6,1.4,3.8,65.8,0.6,37.0,1.3,1.3,4.1,33.7,19.5,3.3,8.7,16.1,84
Bruce Brown,41.0,21.0,8.3,6.3,55.0,0.9,24.3,4.5,1.4,0.8,0.7,0.3,5.2,59.6,0.3,36.4,0.0,1.8,0.9,24.3,18.9,9.6,10.9,15.9,76
Buddy Hield,44.0,35.1,16.8,14.5,39.3,10.5,38.2,4.6,3.3,1.8,0.8,0.3,2.6,46.2,1.4,36.7,0.0,4.6,6.7,37.6,22.5,12.4,6.5,20.0,76
CJ McCollum,18.0,32.0,23.8,19.1,43.9,10.3,42.5,3.8,4.3,1.1,1.1,0.3,5.3,45.3,3.5,46.0,0.0,7.3,3.3,48.3,35.6,22.8,5.9,28.5,75
Cam Reddish,26.0,28.9,11.2,10.1,36.5,4.8,26.2,4.0,1.3,1.3,1.3,0.3,4.4,50.0,0.8,28.6,0.0,5.0,3.6,26.9,18.1,6.6,6.8,18.3,80
Cameron Johnson,37.0,23.7,10.1,8.1,44.0,5.5,38.4,3.3,1.3,0.7,0.6,0.4,1.9,63.2,0.7,30.8,0.1,2.5,5.1,39.5,20.5,7.9,7.0,16.8,80
Caris LeVert,19.0,29.3,17.8,16.1,42.5,5.6,34.9,4.3,5.3,1.9,1.3,0.3,8.4,48.8,2.2,36.6,0.2,12.5,1.9,37.8,28.2,28.5,7.1,27.4,78
Carmelo Anthony,42.0,25.7,14.0,11.8,41.9,4.6,38.7,3.3,1.7,1.0,0.8,0.7,2.3,39.1,4.9,44.9,4.0,1.3,3.1,36.2,26.3,10.9,6.1,23.3,79
Cedi Osman,43.0,25.1,10.1,10.0,35.5,5.7,30.9,3.5,2.7,1.0,1.0,0.1,3.9,43.6,0.4,37.5,0.1,4.3,4.3,30.4,19.4,15.9,7.0,19.6,79
Chasson Randle,15.0,20.5,5.5,4.3,42.2,2.8,35.7,2.0,2.5,1.0,0.3,0.1,1.2,58.3,0.3,40.0,0.0,3.5,1.8,37.0,12.9,19.0,4.5,12.1,74
Chris Boucher,44.0,23.7,13.7,9.1,53.1,3.7,42.0,6.4,1.0,0.7,0.5,1.9,5.1,60.8,0.3,38.5,0.2,0.8,3.6,41.8,27.8,6.6,13.1,20.3,81
Chris Paul,42.0,31.7,15.9,12.4,48.6,3.7,37.4,4.7,8.7,2.3,1.4,0.3,3.4,52.9,5.4,52.0,0.3,12.5,0.9,48.7,24.2,39.2,7.6,21.7,72
Christian Wood,22.0,30.8,21.4,15.4,55.0,4.4,38.1,9.8,1.3,1.9,0.9,1.4,8.9,69.7,2.0,26.7,3.0,3.8,3.7,36.6,32.9,7.4,15.4,26.5,82
Chuma Okeke,28.0,21.7,4.9,4.5,39.4,2.4,38.2,3.5,1.8,0.6,0.8,0.4,1.1,36.4,1.0,42.9,0.5,1.5,2.1,44.8,10.7,11.8,7.3,10.6,78
Clint Capela,38.0,29.3,14.6,10.9,58.4,0.0,0.0,14.2,0.9,1.3,0.7,2.2,10.9,57.8,0.1,33.3,1.6,0.6,0.0,0.0,24.0,5.0,22.8,19.4,82
Coby White,43.0,31.7,15.1,13.5,40.9,6.4,35.0,4.6,4.7,2.3,0.5,0.1,4.9,46.9,2.2,47.4,0.1,9.9,4.8,36.6,22.2,21.1,7.0,22.0,77
Cody Zeller,24.0,22.3,9.2,7.4,50.0,0.8,15.0,7.1,2.3,1.0,0.6,0.5,6.5,55.4,0.1,33.3,0.6,2.2,0.8,5.6,19.4,14.1,16.1,17.9,83
Cole Anthony,25.0,26.7,11.0,10.8,37.5,3.3,32.5,4.4,3.8,2.0,0.7,0.4,5.6,39.3,1.8,44.4,0.0,9.2,2.0,34.7,19.7,21.8,7.8,21.5,74
Collin Sexton,38.0,35.9,24.0,18.4,47.8,4.4,39.1,2.8,4.3,2.8,1.1,0.1,11.2,54.5,2.7,35.3,0.2,16.7,2.3,42.7,32.1,20.8,3.8,27.6,73
Cory Joseph,44.0,21.5,6.6,5.7,44.4,2.1,33.0,2.3,2.5,1.0,0.9,0.2,2.6,57.7,0.9,36.6,0.0,5.1,2.0,31.8,14.6,15.2,5.2,14.2,75
D'Angelo Russell,20.0,29.2,19.3,16.3,42.6,7.4,39.9,2.6,5.1,2.7,1.1,0.5,4.8,52.1,4.1,39.0,0.4,7.3,2.8,36.4,31.0,29.6,4.2,29.4,76
Damian Lillard,42.0,36.1,30.1,20.6,45.2,11.3,37.8,4.4,7.7,3.3,0.9,0.2,6.8,57.4,2.5,48.1,0.3,14.7,2.2,46.7,40.3,35.3,5.8,31.7,74
Daniel Theis,42.0,24.4,9.5,6.9,55.2,2.3,34.7,5.2,1.6,1.0,0.6,1.0,3.5,71.4,1.0,52.3,0.1,0.6,2.0,36.0,18.5,9.0,10.5,14.8,80
Danilo Gallinari,32.0,23.5,12.8,9.2,41.6,5.2,40.1,3.9,1.5,1.0,0.6,0.2,1.9,52.6,2.1,34.3,2.7,2.2,4.4,39.0,26.4,9.8,8.4,21.3,82
Danny Green,44.0,28.6,9.2,8.0,40.3,6.2,39.0,3.6,1.7,1.2,1.4,0.8,1.3,46.2,0.6,40.0,0.0,1.9,5.3,40.1,14.9,7.6,6.3,13.6,78
Danuel House Jr.,27.0,28.0,9.7,8.3,41.3,4.6,36.0,4.1,2.0,0.9,0.6,0.5,3.1,54.8,0.5,21.4,0.0,4.8,3.2,33.3,16.4,10.9,6.9,15.1,78
Darius Bazley,36.0,30.7,11.9,11.2,39.2,5.2,29.0,7.5,1.5,1.8,0.5,0.6,5.1,51.0,1.0,33.3,0.2,5.6,3.9,27.9,18.4,7.5,11.5,19.8,80
Darius Garland,35.0,33.1,16.6,14.4,44.2,4.4,40.6,2.2,5.9,3.0,1.1,0.1,7.9,48.1,2.0,39.4,0.1,16.0,2.4,44.7,24.2,28.3,3.4,23.6,73
David Nwaba,30.0,22.6,9.2,7.3,48.6,2.1,27.0,3.9,1.0,0.6,1.0,0.7,5.1,56.9,0.0,0.0,0.0,2.8,2.0,28.8,19.0,7.0,8.1,16.3,77
Davis Bertans,35.0,24.7,10.8,8.2,38.9,7.3,38.2,2.9,0.9,0.6,0.6,0.2,0.7,57.1,0.3,10.0,0.0,0.8,6.3,40.1,19.5,4.6,5.5,15.2,82
De'Aaron Fox,43.0,34.7,24.1,18.4,47.5,5.5,33.2,3.4,7.3,3.2,1.3,0.4,10.1,58.4,2.8,36.7,0.1,18.2,1.5,44.6,32.7,33.1,4.8,29.5,75
De'Andre Hunter,20.0,31.2,16.0,11.2,50.2,4.4,35.6,5.1,2.1,1.4,0.9,0.5,4.9,63.3,2.0,50.0,1.5,6.3,3.4,38.2,24.0,10.3,7.7,18.8,80
DeAndre Jordan,43.0,22.7,7.5,4.4,77.1,0.0,0.0,7.4,1.7,1.5,0.3,1.3,4.3,79.1,0.0,0.0,0.3,0.0,0.0,0.0,15.6,9.9,16.1,12.4,83
DeMar DeRozan,34.0,34.0,20.5,14.2,49.4,1.7,31.0,4.4,7.3,1.7,0.9,0.3,8.3,53.0,4.2,50.0,1.1,18.5,1.4,34.7,28.8,32.3,6.3,23.8,78
DeMarcus Cousins,25.0,20.2,9.6,8.4,37.6,4.6,33.6,7.6,2.4,1.6,0.8,0.7,3.6,44.4,0.1,0.0,1.5,2.5,4.4,33.0,22.3,18.5,17.8,22.7,82
Deandre Ayton,43.0,30.5,14.7,10.4,60.8,0.4,23.5,10.9,1.5,1.7,0.4,1.1,8.4,67.9,1.6,32.8,5.0,0.3,0.3,26.7,23.6,7.2,18.5,18.9,83
Dejounte Murray,40.0,31.3,15.5,14.2,45.0,3.1,31.1,7.0,5.1,1.7,1.5,0.1,7.1,52.1,4.2,43.5,0.0,11.2,2.5,30.3,23.7,24.1,10.8,23.2,76
Delon Wright,36.0,29.2,10.4,8.1,46.4,2.5,34.8,4.6,5.0,1.3,1.6,0.5,5.3,52.8,0.4,38.5,0.1,11.3,1.6,41.4,17.5,26.1,7.8,15.7,77
Deni Avdija,38.0,22.0,6.2,5.4,44.4,3.0,33.0,4.5,1.2,0.7,0.6,0.2,2.1,61.9,0.3,33.3,0.1,1.4,2.9,33.0,12.8,7.0,9.8,12.0,81
Dennis Schroder,40.0,31.5,15.0,12.0,43.1,3.2,31.7,3.5,4.7,2.5,1.0,0.2,6.3,46.0,2.5,48.5,0.0,12.3,2.3,33.0,22.8,20.8,5.6,22.4,75
Derrick Jones Jr.,39.0,26.6,8.0,6.0,49.4,2.7,32.4,4.4,0.9,0.7,0.8,1.1,3.3,63.6,0.0,0.0,0.0,0.7,2.5,31.6,14.7,4.7,8.0,12.2,77
Derrick Rose,25.0,23.5,13.5,11.7,43.0,2.4,37.7,2.2,4.5,1.9,1.2,0.4,6.6,43.9,2.7,45.6,0.2,12.1,1.5,34.2,27.2,33.1,4.4,26.4,74
Derrick White,17.0,26.6,12.8,10.9,38.7,5.6,32.6,2.5,3.4,1.5,0.6,1.1,4.4,47.7,0.9,37.5,0.1,8.6,4.3,32.9,23.3,18.0,4.6,22.4,76
Desmond Bane,37.0,22.5,9.5,7.3,48.5,3.9,45.5,2.9,1.3,1.0,0.7,0.1,2.7,51.9,0.7,56.0,0.0,3.6,3.1,45.7,19.8,8.0,6.1,15.5,77
Devin Booker,39.0,33.7,25.1,18.8,49.5,5.7,35.0,4.1,4.7,3.3,0.9,0.3,8.2,59.8,4.9,50.3,1.8,13.2,2.5,40.6,36.4,21.8,6.2,31.6,77
Devonte' Graham,33.0,30.0,13.3,11.3,37.2,7.7,37.6,2.7,5.1,1.3,0.9,0.1,2.0,25.0,1.6,44.4,0.0,5.3,4.9,41.4,21.2,25.1,4.3,19.5,73
Dillon Brooks,38.0,29.2,16.0,15.2,39.5,5.7,31.9,3.0,2.6,2.0,1.3,0.4,6.9,44.9,2.6,43.9,0.1,8.3,4.1,33.1,25.8,12.5,5.0,25.9,79
Domantas Sabonis,43.0,36.1,20.1,14.6,52.2,2.6,30.6,11.2,6.2,3.4,1.2,0.6,10.6,61.3,1.3,24.6,7.9,4.5,2.4,31.7,26.5,26.2,15.5,24.2,83
Donovan Mitchell,41.0,33.9,25.4,20.2,43.0,8.7,38.4,4.6,5.5,3.0,1.0,0.3,8.5,48.2,3.0,41.8,0.0,15.7,3.5,43.4,36.1,27.0,6.4,31.8,73
Donte DiVincenzo,43.0,27.2,10.7,9.4,42.7,5.0,38.7,5.5,3.0,1.3,1.1,0.2,3.8,44.7,0.6,48.0,0.0,4.3,3.5,40.1,18.0,13.8,9.6,16.7,76
Dorian Finney-Smith,31.0,31.1,8.4,7.2,42.6,4.8,35.1,5.3,1.5,0.6,0.9,0.4,2.2,59.1,0.2,16.7,0.0,2.2,4.4,36.0,13.2,6.1,8.6,11.3,79
Doug McDermott,42.0,25.3,13.4,10.2,51.4,4.5,36.9,3.9,1.4,0.9,0.3,0.1,5.6,62.5,0.1,16.7,0.0,3.9,3.4,36.2,24.8,7.7,7.5,19.3,79
Draymond Green,38.0,30.0,6.1,5.8,39.7,1.9,24.3,6.6,8.4,2.8,1.4,0.8,3.3,51.5,0.4,11.8,2.4,3.3,1.7,25.8,9.3,34.4,10.4,12.7,78
Duncan Robinson,44.0,33.0,12.5,10.0,41.6,8.5,38.2,3.8,1.7,1.2,0.6,0.2,1.2,75.0,0.3,9.1,0.1,1.9,6.7,39.6,18.5,7.6,5.8,15.5,79
Dwayne Bacon,44.0,24.9,9.9,9.0,39.9,3.0,33.3,2.8,1.1,0.7,0.5,0.1,4.6,47.8,1.4,23.8,0.0,5.3,1.8,31.2,19.1,6.9,5.3,17.9,78
Elfrid Payton,35.0,27.9,12.4,11.9,43.6,1.8,25.0,3.9,3.7,1.8,0.7,0.2,8.7,48.3,1.4,34.7,0.2,11.1,1.7,26.7,22.1,19.8,6.6,22.5,75
Enes Kanter,43.0,26.6,12.1,8.4,59.8,0.0,0.0,11.6,1.3,1.2,0.5,0.7,8.2,61.0,0.2,11.1,2.1,0.2,0.0,0.0,22.1,7.1,20.7,16.8,82
Eric Bledsoe,42.0,29.2,11.3,9.8,41.6,4.7,36.4,3.4,3.7,1.5,0.7,0.3,3.8,50.0,1.3,41.8,0.0,9.5,3.5,37.8,18.5,16.6,5.8,17.5,73
Eric Gordon,27.0,29.2,17.8,13.6,43.3,7.8,32.9,2.1,2.6,1.9,0.5,0.5,5.6,58.9,0.2,0.0,0.0,10.1,5.1,32.8,28.6,14.7,3.5,24.6,75
Evan Fournier,26.0,30.3,19.7,14.2,46.1,7.2,38.8,2.9,3.7,2.1,1.0,0.3,5.0,58.0,1.9,44.0,0.0,7.9,3.8,36.4,30.9,18.9,4.7,25.7,79
Fred VanVleet,39.0,36.8,20.1,16.6,39.6,8.9,37.6,4.3,6.4,1.9,1.8,0.7,5.4,42.6,2.2,37.2,0.1,14.8,4.7,40.4,26.2,26.2,5.7,23.5,73
Garrett Temple,35.0,27.9,8.5,7.4,42.5,3.8,34.3,3.1,2.0,1.0,0.9,0.5,2.7,55.6,0.9,40.6,0.0,2.6,3.2,33.6,14.0,8.8,5.6,13.1,77
Gary Harris,19.0,30.6,9.7,8.2,44.2,3.9,32.0,2.5,1.7,0.7,0.9,0.2,3.7,56.8,0.6,36.4,0.1,3.6,3.3,38.1,15.5,7.0,4.2,13.6,76
Gary Trent Jr.,41.0,30.8,15.0,12.8,41.4,7.4,39.7,2.2,1.4,0.8,0.9,0.1,3.0,50.0,2.3,36.2,0.0,3.0,4.5,42.1,23.4,6.8,3.4,19.5,77
George Hill,14.0,26.3,11.8,8.6,50.8,4.1,38.6,2.1,3.1,0.9,0.9,0.1,3.7,62.2,0.8,54.5,0.1,7.0,2.9,47.5,21.9,17.3,3.9,17.2,76
Giannis Antetokounmpo,41.0,34.1,28.6,18.6,55.9,3.8,29.9,11.6,6.4,3.7,1.2,1.3,12.5,68.0,2.2,32.6,4.6,11.8,0.7,20.7,38.8,29.6,16.3,32.1,83
Goran Dragic,28.0,27.0,13.9,11.3,44.1,4.6,34.9,3.3,4.9,2.7,0.6,0.2,5.0,54.0,1.7,38.3,0.4,10.9,2.7,34.7,24.7,29.6,6.0,24.5,75
Gordon Hayward,39.0,34.1,20.1,15.2,48.1,4.7,41.6,5.6,4.2,2.1,1.3,0.3,7.5,53.3,2.9,44.3,0.8,11.3,3.2,46.4,28.0,18.9,8.1,23.6,79
Grayson Allen,29.0,24.7,9.9,7.7,41.7,5.0,40.4,3.2,2.1,1.0,1.0,0.2,2.2,50.0,0.4,16.7,0.0,5.1,3.8,38.7,18.9,12.0,6.1,15.5,76
Hamidou Diallo,32.0,23.8,11.9,9.3,48.1,1.3,29.3,5.2,2.4,1.5,1.0,0.4,6.7,53.7,1.3,34.9,0.1,6.7,0.9,27.6,23.3,16.3,9.9,22.0,77
Harrison Barnes,41.0,36.0,16.1,11.0,49.2,4.2,36.3,6.6,3.7,1.5,0.7,0.2,6.5,60.0,0.4,31.3,2.6,7.9,2.9,38.3,21.1,13.6,9.0,16.8,80
Isaac Okoro,39.0,32.3,8.0,7.2,41.8,2.8,30.6,2.8,1.8,1.4,1.1,0.5,4.2,50.0,0.1,0.0,0.1,4.2,2.3,28.9,12.2,8.0,4.5,12.5,77
Isaiah Roby,38.0,22.9,9.0,6.6,52.0,1.6,33.9,5.5,1.7,1.6,0.9,0.7,4.8,60.4,0.3,20.0,0.9,3.1,1.3,34.7,18.7,11.7,11.6,17.0,80
Ish Smith,19.0,20.6,5.2,6.1,37.9,1.1,25.0,3.5,4.7,1.0,0.8,0.2,3.4,44.1,1.6,35.5,0.0,8.3,0.9,27.8,11.5,30.3,7.6,14.7,72
Ivica Zubac,45.0,20.8,8.6,5.0,67.3,0.0,0.0,7.0,1.2,1.0,0.4,0.8,4.8,68.8,0.1,50.0,0.9,0.2,0.0,0.0,19.8,8.0,16.8,14.4,84
Ja Morant,33.0,31.5,19.1,15.8,43.7,3.6,22.9,3.4,7.5,2.9,0.9,0.2,11.3,51.3,1.0,37.5,0.5,19.3,1.4,26.1,28.3,34.0,5.2,27.9,75
Jaden McDaniels,37.0,20.1,5.5,5.2,41.1,2.8,34.3,3.4,1.0,0.7,0.5,1.0,2.0,50.0,0.5,36.8,0.1,1.5,2.6,34.7,12.8,6.4,7.7,12.5,81
Jae Crowder,40.0,27.7,10.3,8.5,41.1,6.3,39.0,5.0,2.0,0.9,0.9,0.3,1.3,53.8,1.0,34.2,0.2,1.1,5.4,39.8,17.9,9.9,8.8,15.4,78
Jae'Sean Tate,43.0,28.2,10.3,7.9,52.1,2.3,32.7,5.3,1.8,1.1,1.1,0.5,5.4,61.1,0.2,14.3,0.9,3.4,2.2,33.3,17.3,9.7,8.9,14.5,76
Jakob Poeltl,41.0,24.2,7.1,5.3,61.8,0.0,0.0,7.7,1.8,1.3,0.6,1.6,5.0,64.0,0.3,41.7,0.8,0.5,0.0,0.0,13.9,9.9,15.1,12.5,85
Jalen Brunson,38.0,24.5,12.3,8.5,53.1,3.1,39.8,3.6,3.3,1.3,0.5,0.0,4.2,61.9,1.2,59.6,0.1,8.0,2.2,45.1,24.2,20.9,7.0,19.4,73
Jamal Murray,42.0,35.4,21.1,16.4,47.7,6.5,41.5,4.0,4.8,2.3,1.3,0.3,5.3,62.3,4.5,42.0,0.5,9.0,2.6,43.2,29.1,19.7,5.7,24.2,75
James Ennis III,27.0,21.6,7.4,5.0,49.3,2.2,43.3,4.0,1.3,0.9,0.8,0.2,2.5,56.0,0.3,42.9,0.0,2.0,1.8,52.1,16.5,8.5,9.0,13.2,78
James Harden,38.0,38.0,25.3,17.3,46.3,8.0,35.9,7.9,11.2,4.2,1.3,0.7,8.9,55.1,0.4,50.0,0.5,17.9,0.9,38.9,31.9,43.8,10.8,28.1,77
James Wiseman,30.0,21.0,11.8,9.5,51.9,1.0,35.5,5.9,0.7,1.5,0.3,1.0,6.5,60.0,2.0,32.8,3.1,0.9,0.8,34.8,25.4,5.1,12.9,23.7,84
Jarrett Allen,43.0,28.5,13.1,7.4,64.1,0.2,40.0,9.9,1.6,1.5,0.4,1.7,6.8,66.2,0.5,40.0,1.2,0.5,0.2,50.0,22.0,8.5,17.2,16.5,83
Jaylen Brown,41.0,34.2,24.7,19.1,48.9,6.5,39.3,5.7,3.9,2.8,1.2,0.5,9.4,54.3,3.3,51.1,1.4,10.9,4.0,41.8,34.6,19.0,8.2,29.3,78
Jayson Tatum,38.0,35.5,24.8,20.3,44.5,7.1,37.6,6.8,4.3,2.5,1.3,0.5,8.9,52.8,4.3,40.5,2.6,12.4,1.4,37.0,33.5,19.5,9.5,29.1,80
Jeff Green,41.0,26.8,9.6,7.0,49.0,3.3,40.7,3.8,1.4,0.7,0.6,0.3,3.2,59.4,0.5,36.4,0.4,1.3,3.0,43.2,17.0,6.9,7.1,13.6,80
Jerami Grant,40.0,35.6,23.4,17.9,42.9,6.7,35.3,5.1,2.8,2.1,0.8,1.1,7.8,52.6,3.5,36.2,1.2,11.3,5.3,36.6,32.0,13.8,7.0,27.5,80
Jeremy Lamb,26.0,22.0,10.9,7.8,45.3,3.7,43.8,3.5,1.7,0.7,0.8,0.5,3.0,43.3,1.1,48.3,0.0,5.9,2.5,44.6,23.7,10.7,8.1,18.2,77
Jimmy Butler,30.0,33.4,21.3,14.7,48.1,1.7,21.2,7.9,7.3,2.3,2.0,0.4,10.2,55.9,2.8,34.1,2.1,17.6,0.7,30.0,31.2,37.1,11.5,26.8,79
Joe Harris,45.0,30.7,14.4,10.2,51.4,6.8,48.5,3.4,1.7,0.8,0.6,0.2,2.6,61.5,0.8,43.2,0.0,3.3,5.6,52.2,21.9,7.3,5.6,15.6,78
Joe Ingles,39.0,26.8,12.1,7.8,53.8,5.5,49.1,3.7,4.2,1.5,0.6,0.2,2.1,71.4,0.1,0.0,0.1,7.5,3.4,51.9,21.5,22.1,6.6,15.3,80
Joel Embiid,31.0,32.6,29.9,18.0,52.5,2.9,42.2,11.5,3.3,3.2,1.2,1.4,9.4,57.4,5.7,50.8,13.4,3.7,2.2,39.1,43.2,16.8,17.6,34.0,84
John Collins,44.0,30.6,18.1,13.1,54.1,3.4,37.2,7.8,1.3,1.3,0.5,1.1,7.9,62.0,1.8,52.6,3.0,2.0,3.2,37.3,28.4,6.8,12.5,21.6,81
John Wall,29.0,31.8,21.0,18.0,41.4,6.1,32.8,3.4,6.3,3.3,0.9,0.7,8.4,52.4,3.5,30.7,0.1,16.4,3.3,42.1,31.6,35.5,5.1,32.3,75
Jonas Valanciunas,36.0,27.6,15.9,11.6,55.7,1.0,31.4,12.4,1.7,1.9,0.6,0.7,10.0,59.0,0.6,52.4,4.9,1.0,0.9,25.8,27.1,9.4,21.3,22.2,83
Jordan Clarkson,43.0,25.7,17.2,14.8,42.5,8.6,35.5,3.9,2.2,1.8,0.9,0.2,5.6,53.6,0.6,32.0,0.1,8.9,4.3,35.5,31.8,13.5,7.2,27.7,76
Josh Hart,43.0,28.3,9.1,7.3,44.6,4.0,32.8,7.6,2.2,0.9,0.9,0.2,2.7,63.0,0.4,42.1,0.0,2.7,3.8,32.7,15.3,10.5,13.3,13.1,77
Josh Jackson,39.0,24.9,13.1,11.2,42.2,4.1,28.0,4.2,2.1,2.2,0.9,0.8,6.2,51.6,1.0,36.8,0.2,7.2,3.4,30.5,25.4,14.4,8.0,25.0,80
Josh Richardson,33.0,32.0,13.2,10.5,44.9,5.0,32.3,3.4,2.7,1.5,1.0,0.4,3.9,59.0,1.6,50.9,0.0,6.1,3.9,30.0,20.2,12.2,5.3,17.7,77
Jrue Holiday,33.0,31.4,15.8,12.9,48.8,4.6,37.5,4.5,5.1,1.7,1.8,0.5,7.0,60.0,1.3,33.3,0.7,9.3,2.2,35.6,23.5,22.0,6.7,20.2,75
Julius Randle,44.0,37.1,23.3,17.6,47.2,4.7,42.8,10.9,5.9,3.3,0.9,0.2,8.0,53.8,4.9,42.3,5.6,10.7,3.5,43.6,31.0,26.0,14.2,27.2,80
Justin Holiday,43.0,32.2,11.6,9.1,43.6,6.6,39.3,3.8,1.7,0.8,1.2,0.4,1.9,57.9,0.5,39.1,0.0,2.5,5.5,37.6,17.1,7.0,5.8,13.9,78
Justin Patton,12.0,20.1,5.7,5.6,41.8,2.7,28.1,4.0,1.2,0.3,1.0,1.2,2.5,56.0,0.4,40.0,0.5,0.1,2.5,30.0,13.2,8.6,9.0,12.5,83
Justise Winslow,14.0,21.4,7.9,9.4,36.4,2.6,13.5,5.1,1.9,1.6,0.6,0.5,5.0,48.0,1.7,37.5,0.4,4.9,2.5,14.3,16.8,12.0,11.3,21.9,78
Jusuf Nurkic,12.0,23.4,9.8,8.6,48.5,1.0,25.0,7.7,2.8,1.9,0.9,0.9,7.1,50.7,0.5,50.0,3.0,0.5,0.8,20.0,19.7,17.4,16.2,21.2,83
Karl-Anthony Towns,24.0,33.6,23.5,17.0,49.6,5.8,39.1,10.0,4.1,3.3,0.8,1.5,9.1,60.4,2.1,31.4,9.1,4.8,4.7,36.6,33.0,20.0,14.5,27.9,83
Kawhi Leonard,37.0,34.4,25.9,18.2,51.6,5.0,40.0,6.3,4.8,1.9,1.8,0.5,8.2,62.2,4.9,45.9,6.5,12.7,2.6,47.9,36.8,22.3,9.5,28.6,79
Keldon Johnson,38.0,29.1,13.7,10.9,47.2,2.8,33.0,6.4,2.0,1.2,0.6,0.6,7.5,52.0,0.7,42.3,0.1,7.3,2.3,34.1,22.4,10.1,10.7,19.8,77
Kelly Olynyk,43.0,26.9,10.0,8.7,43.1,5.7,31.7,6.1,2.1,1.3,0.9,0.6,2.8,67.9,0.3,35.7,0.8,1.5,4.9,31.4,18.1,11.5,11.0,16.8,83
Kelly Oubre Jr.,42.0,30.5,15.1,13.0,43.8,5.1,30.6,5.9,1.4,1.3,1.0,0.8,7.0,54.3,0.8,34.3,0.5,4.8,4.2,33.9,22.7,6.9,8.9,21.3,79
Kemba Walker,26.0,30.7,17.9,15.5,39.5,7.9,36.4,3.5,4.6,2.2,1.2,0.3,4.8,50.0,2.9,30.7,0.0,9.8,2.2,37.9,28.1,22.9,5.7,26.0,72
Kendrick Nunn,36.0,28.8,13.3,11.5,44.7,5.5,36.2,3.2,2.6,1.6,1.1,0.3,4.6,56.5,1.4,40.0,0.1,6.6,3.9,41.0,22.7,14.7,5.4,20.8,74
Kentavious Caldwell-Pope,40.0,26.0,8.3,6.7,42.2,3.7,40.1,2.4,1.5,1.0,0.8,0.3,2.3,52.2,0.8,28.1,0.0,1.9,3.1,41.8,15.3,7.3,4.7,13.6,77
Kevin Durant,19.0,35.8,29.0,18.9,52.4,5.9,43.4,7.3,5.3,3.5,0.7,1.4,7.2,59.7,5.7,52.3,4.4,8.7,3.2,46.7,37.4,21.9,10.0,30.2,82
Kevin Huerter,44.0,31.5,11.8,10.6,42.1,5.8,36.8,3.6,3.5,1.3,1.3,0.3,3.7,48.6,1.2,47.1,0.0,4.9,4.3,37.8,18.1,16.1,5.6,16.4,79
Kevin Porter Jr.,7.0,29.1,14.9,14.0,41.8,6.1,20.9,2.7,6.4,3.1,1.3,0.7,5.7,59.6,2.1,53.3,0.1,13.4,1.4,20.0,24.0,36.3,4.3,26.1,76
Khris Middleton,43.0,33.5,20.6,15.5,49.0,5.2,43.0,6.2,5.4,2.8,1.1,0.2,5.6,58.9,4.7,43.3,1.6,8.1,2.6,44.5,28.6,22.7,8.8,24.2,79
Killian Hayes,7.0,21.1,4.6,6.7,27.7,2.9,25.0,1.1,3.6,2.4,0.3,0.0,3.0,26.7,0.9,33.3,0.0,5.4,1.7,33.3,10.1,22.7,2.7,18.5,77
Kristaps Porzingis,27.0,30.3,20.0,15.7,48.0,6.1,36.7,8.6,1.4,1.3,0.4,1.6,6.6,60.6,2.9,41.8,5.7,1.9,5.6,36.2,32.4,7.5,14.2,26.5,87
Kyle Anderson,39.0,27.2,12.6,9.8,47.8,3.7,36.3,5.8,3.3,1.4,1.1,0.7,4.8,58.3,1.3,44.9,0.2,6.1,2.9,36.0,21.7,17.3,10.1,18.6,81
Kyle Kuzma,43.0,26.9,12.1,10.6,44.3,5.2,37.5,6.7,1.5,1.6,0.5,0.6,4.2,57.1,1.2,30.0,0.3,3.0,4.4,39.9,21.5,8.4,12.1,19.9,82
Kyle Lowry,37.0,34.8,17.4,13.1,43.9,7.1,39.5,5.6,7.5,2.9,1.1,0.3,4.1,51.2,1.9,40.3,0.1,10.9,3.4,41.3,23.5,31.5,7.8,21.2,72
Kyrie Irving,31.0,35.6,28.1,20.7,52.0,7.1,40.6,4.8,5.7,2.4,1.2,0.6,9.4,59.6,4.2,54.2,0.4,11.8,3.1,44.2,37.3,25.0,6.7,29.7,74
LaMarcus Aldridge,21.0,25.9,13.7,11.8,46.4,3.6,36.0,4.5,1.7,1.0,0.4,0.9,2.9,48.3,5.3,52.7,3.7,0.5,3.3,35.7,25.2,10.3,8.5,22.9,83
LaMelo Ball,41.0,28.6,15.9,12.8,45.1,5.3,37.5,5.9,6.1,2.8,1.6,0.3,6.5,52.3,1.1,36.4,0.0,11.6,3.1,39.8,25.7,31.9,10.1,24.2,78
Landry Shamet,39.0,20.1,7.8,6.5,39.1,4.9,37.4,1.8,1.1,0.7,0.5,0.1,1.0,40.0,0.6,41.7,0.0,1.8,3.8,39.3,18.3,7.5,4.5,16.1,76
Larry Nance Jr.,27.0,32.9,9.6,7.8,48.3,3.3,37.1,6.9,3.0,1.5,1.9,0.6,3.8,63.2,0.6,35.3,2.0,1.1,3.0,37.0,14.2,13.3,10.4,12.9,79
Lauri Markkanen,23.0,30.0,17.7,13.2,48.2,7.1,39.0,5.9,1.0,1.3,0.6,0.5,5.7,63.2,0.3,0.0,0.8,3.8,7.0,39.1,27.4,5.0,9.7,21.8,84
LeBron James,41.0,33.9,25.4,18.4,51.3,6.5,36.8,7.9,7.9,3.7,1.0,0.6,8.6,67.4,3.4,37.0,3.9,9.7,2.1,36.5,36.0,39.2,11.6,31.0,81
Lonnie Walker IV,37.0,26.2,11.5,10.4,42.5,4.8,35.6,2.8,1.6,1.0,0.5,0.4,4.0,50.0,1.6,44.3,0.0,6.0,3.6,38.8,21.2,9.0,5.2,19.8,76
Lonzo Ball,38.0,31.7,14.2,12.1,42.5,7.8,38.5,4.2,5.6,2.0,1.3,0.6,3.4,50.0,1.0,45.9,0.2,5.1,5.6,41.2,21.6,23.5,6.5,19.3,78
Lou Williams,42.0,21.9,12.1,10.2,42.1,2.8,37.8,2.1,3.4,1.6,0.9,0.1,4.5,48.9,3.0,34.4,0.0,8.3,1.5,37.1,26.0,23.0,4.8,24.8,73
Luguentz Dort,40.0,29.7,12.6,11.2,38.5,6.0,32.5,3.5,1.6,1.4,0.9,0.4,5.1,45.1,0.2,50.0,0.1,8.6,5.0,33.8,20.4,8.1,5.6,20.3,75
Luka Doncic,39.0,35.2,28.6,20.9,48.2,8.0,36.7,8.3,9.1,4.3,1.0,0.6,10.1,57.4,2.8,47.7,1.1,22.1,1.3,34.0,39.4,43.4,11.7,35.1,79
Malcolm Brogdon,41.0,35.5,21.4,17.8,46.1,6.5,39.8,4.7,6.0,2.3,1.1,0.2,8.6,50.0,2.8,47.8,0.1,14.4,2.9,43.7,29.0,26.9,6.5,25.6,77
Malik Beasley,33.0,33.1,20.5,16.7,45.5,8.7,40.6,4.6,2.5,1.6,0.8,0.2,6.2,53.2,1.8,45.8,0.0,5.9,6.2,41.5,29.1,11.7,6.7,23.9,76
Malik Monk,30.0,21.6,12.5,9.8,44.9,5.0,41.1,2.7,1.9,1.5,0.5,0.1,3.9,53.8,0.8,33.3,0.1,7.3,2.9,44.2,26.9,13.9,6.0,23.1,75
Marc Gasol,35.0,20.1,4.8,3.8,40.3,2.4,36.5,4.1,2.0,0.9,0.5,1.3,1.1,54.5,0.3,30.0,1.4,0.4,2.3,36.6,11.5,12.3,10.1,11.0,83
Marcus Morris Sr.,35.0,24.8,12.3,9.8,44.6,5.2,45.9,3.8,1.1,0.8,0.5,0.3,2.4,45.8,2.2,42.3,1.9,1.9,4.6,48.4,23.8,6.2,7.8,19.0,80
Marcus Smart,25.0,31.4,12.7,10.4,39.0,5.6,32.4,2.8,5.4,1.6,1.5,0.5,3.5,45.7,1.3,51.5,0.6,7.5,4.0,31.3,19.3,23.1,4.3,18.2,75
Markelle Fultz,8.0,26.9,12.9,13.0,39.4,2.0,25.0,3.1,5.4,2.3,1.0,0.3,7.6,51.3,3.5,21.4,0.0,14.1,0.8,33.3,22.2,29.3,5.6,25.0,75
Marvin Bagley III,37.0,25.7,13.9,11.2,50.2,2.6,35.4,7.4,0.9,1.3,0.5,0.5,8.1,56.8,0.6,33.3,2.2,2.5,2.3,34.1,25.5,5.3,14.2,22.5,83
Mason Plumlee,41.0,27.7,10.3,6.9,60.9,0.1,0.0,9.5,3.6,2.0,0.9,0.9,6.2,66.1,0.6,21.7,3.2,2.1,0.1,0.0,18.2,20.0,17.5,16.0,83
Maxi Kleber,30.0,27.7,7.8,5.3,46.9,4.0,47.1,5.4,1.4,0.6,0.5,0.8,1.0,50.0,0.3,37.5,0.2,0.7,3.8,47.8,13.4,6.4,9.7,9.9,82
Michael Carter-Williams,23.0,26.6,9.0,8.7,40.0,2.0,24.4,4.6,4.2,2.3,0.6,0.5,6.0,48.3,0.7,17.6,0.0,9.5,1.7,25.0,15.9,23.4,8.2,19.0,77
Michael Porter Jr.,34.0,29.4,16.0,11.5,52.6,5.6,42.9,7.4,0.9,1.1,0.7,0.9,4.5,66.7,1.4,46.9,0.6,1.6,4.4,48.0,26.6,4.0,12.9,19.8,82
Mikal Bridges,43.0,32.4,13.5,9.4,52.5,4.4,41.4,4.8,2.4,0.8,0.8,0.9,4.4,65.9,0.5,39.1,0.0,3.8,4.2,39.4,20.3,9.7,7.6,15.2,78
Mike Conley,35.0,29.6,16.4,12.5,45.6,6.5,42.4,3.5,5.4,1.9,1.4,0.1,4.8,54.2,1.1,31.6,0.0,11.6,2.7,46.3,26.1,27.2,5.5,22.1,73
Miles Bridges,43.0,26.3,9.5,7.3,49.7,3.2,37.4,5.7,2.0,1.6,0.7,0.7,3.6,63.9,0.4,17.6,1.1,3.7,2.3,35.6,17.0,10.8,10.5,14.7,78
Mitchell Robinson,29.0,28.4,8.6,5.9,65.9,0.0,0.0,8.4,0.6,0.8,1.1,1.5,5.9,64.4,0.0,0.0,0.2,0.0,0.0,0.0,15.1,3.1,14.0,11.3,84
Monte Morris,36.0,27.2,10.4,8.5,47.1,3.2,35.1,2.2,3.4,0.7,0.7,0.3,4.1,58.5,1.3,42.6,0.0,5.2,2.3,34.9,18.6,17.0,3.9,15.5,74
Montrezl Harrell,44.0,25.0,14.8,9.5,63.8,0.2,0.0,6.6,1.1,1.1,0.7,0.8,8.2,68.3,1.1,42.0,4.2,0.7,0.1,0.0,28.5,7.3,13.0,20.6,79
Myles Turner,40.0,30.9,12.8,9.3,48.0,4.4,32.8,6.5,1.0,1.3,0.9,3.4,4.6,63.0,0.4,31.3,0.7,1.8,4.2,33.1,19.9,4.5,10.2,16.8,83
Nerlens Noel,39.0,22.4,4.8,3.4,62.6,0.1,0.0,6.0,0.6,1.1,1.0,2.0,3.1,67.7,0.2,33.3,0.0,0.2,0.0,0.0,10.7,4.0,13.0,9.6,83
Nicolas Batum,42.0,28.5,8.7,6.3,47.2,4.3,43.6,4.6,2.3,0.7,1.1,0.4,1.4,57.1,0.7,44.8,0.5,0.6,4.0,44.0,14.9,10.6,8.4,11.5,80
Nikola Jokic,44.0,35.7,27.0,18.5,57.1,3.6,42.1,11.3,8.5,3.1,1.6,0.6,11.4,63.2,3.5,53.9,9.5,4.2,3.4,42.6,37.1,37.9,16.2,28.9,83
Nikola Vucevic,44.0,34.1,24.5,20.6,48.0,6.5,40.6,11.8,3.8,1.9,1.0,0.6,8.5,55.3,5.6,46.0,11.1,3.5,6.5,40.6,34.7,21.3,16.8,29.9,83
Norman Powell,42.0,30.4,19.6,13.5,49.8,6.4,43.9,3.0,1.8,1.8,1.1,0.2,6.0,58.3,1.1,40.0,0.1,8.1,4.4,44.9,30.4,9.8,4.9,23.5,75
OG Anunoby,26.0,33.2,14.3,10.7,48.7,5.5,41.0,5.7,1.7,1.7,1.7,0.8,4.5,60.0,0.7,33.3,1.1,3.7,5.1,42.1,20.6,7.6,8.4,17.1,79
Otto Porter Jr.,25.0,21.6,9.9,8.1,44.1,3.8,40.0,5.5,2.0,1.0,0.5,0.2,2.7,51.9,1.6,39.0,0.1,1.8,3.5,43.2,21.4,13.5,12.4,18.6,80
P.J. Tucker,35.0,28.6,4.1,3.9,36.3,2.6,31.1,4.4,1.3,0.9,0.8,0.6,1.1,45.5,0.2,33.3,0.1,0.8,2.5,29.1,6.8,6.1,7.4,7.7,77
P.J. Washington,39.0,29.6,12.3,9.8,45.0,3.6,39.6,6.6,2.9,2.2,1.0,1.3,5.8,50.0,0.4,25.0,2.3,4.0,3.0,40.5,19.7,13.9,10.9,18.9,79
PJ Dozier,29.0,20.3,7.7,6.3,44.8,2.7,37.7,3.7,1.6,0.9,0.5,0.5,3.0,53.3,0.7,36.8,0.1,3.1,2.0,39.0,18.3,11.0,8.8,16.2,78
Pascal Siakam,35.0,35.3,20.0,16.3,44.8,4.2,30.4,7.3,4.7,2.1,1.1,0.7,9.9,52.5,2.1,36.5,4.6,11.5,3.2,32.4,27.2,20.8,10.3,25.0,81
Pat Connaughton,40.0,22.4,6.9,5.4,46.3,3.7,41.1,4.5,1.4,0.4,0.7,0.4,1.6,62.5,0.2,0.0,0.0,1.4,3.5,42.6,14.1,7.6,9.5,11.1,77
Patrick Beverley,29.0,23.8,8.3,6.2,44.2,4.1,42.0,3.7,2.1,0.9,0.9,0.8,2.0,50.0,0.1,25.0,0.0,3.5,3.2,43.6,17.2,11.7,7.9,14.5,73
Patrick Williams,42.0,28.4,9.6,7.9,46.7,2.2,38.3,4.9,1.2,1.4,0.7,0.7,3.9,53.8,1.8,39.5,0.1,4.3,2.0,38.4,16.1,5.9,8.7,15.2,79
Patty Mills,40.0,25.6,13.1,10.3,44.3,6.9,39.5,1.8,2.6,1.1,0.7,0.0,2.1,57.1,1.3,50.9,0.0,3.8,4.1,43.9,24.0,14.7,3.1,19.4,73
Paul George,34.0,33.3,22.4,16.5,48.0,7.6,43.1,6.0,5.4,3.2,1.1,0.5,5.8,53.4,3.1,51.0,1.0,11.6,4.0,43.0,32.8,24.7,9.3,28.0,80
Paul Millsap,34.0,23.5,9.5,7.0,50.6,2.8,37.5,5.0,1.7,0.9,0.9,0.6,3.8,63.2,0.4,33.3,1.4,1.6,2.7,36.3,20.0,9.5,11.2,16.3,79
RJ Barrett,44.0,33.8,17.3,14.6,45.3,3.3,34.5,6.1,3.0,1.9,0.7,0.3,9.4,51.1,1.9,36.9,0.4,12.9,3.1,35.0,25.3,13.9,8.6,23.4,78
Raul Neto,37.0,20.6,7.7,6.7,43.4,2.5,36.2,2.2,2.2,0.8,1.2,0.1,3.5,48.6,0.7,36.0,0.0,5.0,1.9,38.9,17.0,15.4,5.2,15.8,73
Reggie Bullock,39.0,27.8,9.3,7.9,41.7,5.2,39.4,3.4,1.4,0.7,0.7,0.2,1.4,57.1,1.2,39.6,0.0,1.6,4.6,42.2,16.3,6.8,5.9,13.8,78
Reggie Jackson,42.0,20.4,8.7,7.2,44.7,3.4,40.4,2.6,2.9,1.0,0.6,0.1,2.9,55.2,1.0,36.6,0.0,4.6,2.3,46.3,20.4,19.0,6.6,18.3,74
Richaun Holmes,40.0,30.2,14.0,9.2,64.8,0.2,25.0,8.8,1.8,1.3,0.7,1.6,7.6,67.1,1.5,56.9,0.9,1.0,0.2,28.6,22.2,8.5,14.4,16.2,82
Ricky Rubio,42.0,26.4,8.6,7.1,40.1,2.7,31.3,3.1,6.8,2.0,1.3,0.0,3.4,47.1,1.1,31.1,0.0,9.9,2.0,30.2,15.2,35.4,5.6,15.7,75
Robert Covington,41.0,32.3,8.6,7.5,39.8,5.3,37.2,6.7,1.7,1.2,1.6,1.2,1.9,47.4,0.4,33.3,0.1,1.8,4.6,36.0,12.9,6.8,10.3,12.0,79
Royce O'Neale,43.0,32.2,7.5,5.7,45.1,4.1,41.6,6.6,2.6,1.2,0.8,0.5,1.5,60.0,0.1,0.0,0.0,2.3,3.8,42.6,11.2,10.2,9.9,9.5,76
Rudy Gay,34.0,21.7,10.9,9.8,41.0,4.2,38.5,4.9,1.5,1.1,0.7,0.5,3.5,45.7,2.1,37.5,1.1,3.4,3.4,41.4,23.6,10.3,10.2,22.2,80
Rudy Gobert,43.0,30.9,14.4,8.4,64.6,0.0,0.0,13.4,1.3,1.7,0.5,3.0,8.2,65.9,0.1,16.7,0.7,0.5,0.0,0.0,22.0,5.9,20.2,17.2,85
Rui Hachimura,35.0,31.0,13.4,10.5,47.4,2.7,34.0,5.8,1.5,1.1,0.8,0.1,5.7,56.1,2.2,39.5,2.4,3.4,2.7,34.4,19.6,6.9,9.0,17.3,80
Russell Westbrook,35.0,34.7,21.7,18.8,43.8,4.1,31.3,9.5,10.3,4.9,1.3,0.3,8.9,53.9,5.8,37.6,1.8,16.9,2.0,32.9,27.9,47.1,12.9,30.8,75
Saddiq Bey,41.0,24.4,10.7,8.4,40.7,5.8,38.7,4.1,1.2,0.7,0.6,0.1,2.2,50.0,0.4,35.3,0.5,2.0,4.5,41.9,21.2,7.8,8.4,17.4,79
Serge Ibaka,39.0,23.6,10.9,8.9,50.7,2.8,35.2,6.7,1.7,1.1,0.2,1.2,4.8,60.4,1.3,55.1,1.6,0.9,2.7,35.6,22.8,10.5,14.8,19.7,82
Seth Curry,33.0,29.6,12.9,10.0,46.2,4.7,43.2,2.2,2.9,1.5,0.9,0.2,2.6,50.0,2.7,47.2,0.0,4.8,3.2,51.4,20.5,13.1,3.8,17.3,74
Shai Gilgeous-Alexander,35.0,33.7,23.7,16.1,50.8,4.9,41.8,4.7,5.9,3.0,0.8,0.7,9.9,56.6,1.4,36.7,0.1,25.2,1.1,43.2,33.7,31.1,6.7,28.3,78
Shake Milton,36.0,24.9,13.8,11.3,44.6,3.2,30.4,2.3,3.1,1.6,0.6,0.3,5.7,52.6,2.4,48.2,0.1,11.5,2.3,34.5,26.0,19.4,4.3,23.6,77
Spencer Dinwiddie,3.0,21.4,6.7,5.3,37.5,2.3,28.6,4.3,3.0,1.7,0.7,0.3,3.0,43.3,0.0,0.0,0.0,4.3,1.7,40.0,14.2,17.3,8.8,15.4,77
Stephen Curry,39.0,33.7,29.0,20.2,47.5,11.4,40.8,5.3,6.2,3.1,1.4,0.1,6.5,60.0,2.3,46.6,0.2,10.2,5.0,41.8,38.9,30.4,7.4,30.7,75
Sterling Brown,41.0,24.0,7.5,6.4,42.4,4.2,38.6,4.4,1.6,0.8,0.9,0.2,1.9,57.9,0.3,16.7,0.0,3.2,3.4,38.4,14.7,9.7,8.7,12.9,77
Steven Adams,40.0,27.7,8.1,5.6,63.1,0.1,0.0,9.2,2.0,1.6,0.9,0.6,5.4,64.8,0.1,25.0,1.3,0.4,0.1,0.0,14.3,9.1,16.6,12.5,83
T.J. McConnell,40.0,25.3,7.2,6.1,54.5,0.6,31.8,3.7,6.5,1.9,1.8,0.4,4.8,58.3,0.8,48.4,0.0,11.7,0.4,28.6,13.2,34.1,7.2,13.6,73
T.J. Warren,4.0,29.3,15.5,12.8,52.9,1.8,0.0,3.5,1.3,1.0,0.5,0.0,6.8,77.9,4.3,35.3,1.3,5.3,1.8,0.0,25.0,6.0,6.0,21.3,80
Taurean Prince,29.0,21.4,8.3,7.2,38.0,3.5,38.6,3.6,1.7,1.1,0.7,0.7,2.7,37.0,0.9,33.3,0.1,4.2,2.4,36.2,18.3,11.3,8.1,17.4,79
Terrence Ross,36.0,29.6,16.0,13.8,41.4,6.3,36.0,3.5,2.3,1.7,1.1,0.5,3.2,46.9,4.3,44.9,0.0,3.7,3.8,38.4,25.8,12.9,5.5,23.2,78
Terry Rozier,41.0,33.0,20.3,15.1,47.7,7.9,42.0,3.7,3.3,1.8,1.3,0.3,5.7,56.1,1.5,42.6,0.0,8.8,5.2,47.0,29.3,15.5,5.5,23.0,73
Thaddeus Young,39.0,25.0,12.1,9.5,59.3,0.6,26.1,6.4,4.3,2.1,1.4,0.6,8.6,61.6,0.3,23.1,3.3,2.3,0.6,27.3,22.9,24.2,13.0,20.1,80
Theo Maledon,38.0,26.7,8.2,7.7,38.4,4.3,37.2,3.1,3.4,1.9,0.9,0.1,2.8,39.3,0.7,44.0,0.0,6.8,2.9,38.4,14.4,19.1,5.5,15.9,76
Thomas Bryant,10.0,27.1,14.3,9.1,64.8,2.1,42.9,6.1,1.5,1.1,0.4,0.8,5.9,81.4,1.1,18.2,0.8,0.2,2.1,42.9,23.6,7.9,11.1,16.3,82
Tim Hardaway Jr.,41.0,29.5,16.5,13.1,44.4,7.6,39.4,3.4,1.8,0.9,0.5,0.1,3.7,56.8,1.7,42.3,0.0,3.9,5.5,41.9,27.1,9.2,5.6,22.3,77
Tobias Harris,39.0,34.0,20.8,15.7,50.8,3.8,41.3,7.7,3.6,1.9,0.9,0.8,8.7,58.6,3.1,42.5,2.8,10.3,2.9,44.6,28.7,16.4,11.1,23.5,80
Tomas Satoransky,32.0,22.5,7.7,5.4,51.7,1.9,41.0,2.5,4.8,1.7,0.7,0.3,2.9,58.6,0.6,47.4,0.1,6.6,1.8,43.1,16.1,27.5,5.7,14.5,79
Trae Young,42.0,34.4,25.8,17.9,43.2,6.8,36.3,4.0,9.4,4.2,0.8,0.2,9.3,48.4,1.8,41.3,0.0,19.5,1.4,35.0,35.7,42.6,5.7,31.5,73
Tristan Thompson,36.0,22.5,7.9,6.2,53.4,0.1,0.0,8.4,1.0,1.0,0.4,0.4,6.0,53.3,0.1,40.0,1.3,1.0,0.0,0.0,17.0,6.3,18.1,15.2,81
Ty Jerome,12.0,26.1,10.0,8.3,45.5,5.3,44.4,3.4,3.6,0.8,0.8,0.2,2.5,52.0,0.5,33.3,0.0,4.8,4.5,44.4,18.0,19.1,6.5,14.8,77
Tyler Herro,33.0,31.7,15.1,13.6,41.4,5.6,31.2,5.4,3.4,2.2,0.7,0.4,5.1,51.0,2.8,43.5,0.1,10.2,2.6,33.7,22.9,17.6,8.2,22.7,77
Tyrese Haliburton,38.0,30.0,12.9,10.3,48.2,5.2,42.1,3.4,5.1,1.6,1.3,0.6,3.6,61.1,1.4,43.6,0.0,7.7,2.9,42.7,20.1,23.7,5.6,16.9,77
Tyus Jones,41.0,20.1,7.4,7.0,43.6,2.3,29.2,2.2,4.2,0.8,1.1,0.1,3.7,51.4,1.0,44.2,0.1,6.7,1.8,30.1,17.5,30.2,5.2,16.9,72
Victor Oladipo,29.0,33.4,20.8,18.4,41.1,7.7,33.3,5.0,4.7,2.4,1.3,0.4,8.2,51.2,2.6,29.7,0.0,12.9,3.6,39.4,29.7,23.6,7.2,28.9,76
Wayne Ellington,31.0,23.2,10.7,8.0,45.8,6.4,43.1,1.8,1.5,0.7,0.4,0.2,1.1,63.6,0.7,40.0,0.0,1.9,4.0,41.6,22.4,9.4,3.9,16.8,76
Wendell Carter Jr.,32.0,24.7,10.9,7.9,51.2,0.7,36.4,7.8,2.2,1.5,0.6,0.8,5.9,55.9,1.2,38.5,2.5,1.0,0.7,36.4,20.6,12.6,15.4,18.5,82
Wesley Matthews,37.0,20.1,4.5,4.1,35.9,3.3,34.7,1.4,1.0,0.5,0.5,0.4,0.6,50.0,0.3,20.0,0.3,1.2,2.8,34.3,10.7,6.5,3.5,10.1,76
Will Barton,41.0,30.7,12.7,11.0,43.5,4.7,37.7,4.1,3.1,1.7,0.9,0.4,5.2,50.0,1.2,41.7,0.0,6.1,2.9,39.2,20.1,13.2,6.8,19.0,78
Yogi Ferrell,2.0,20.3,9.5,10.5,38.1,4.5,33.3,3.5,2.5,1.5,1.5,0.5,5.0,40.0,1.0,50.0,0.0,7.5,2.0,50.0,22.6,21.7,8.1,24.7,72
Zach LaVine,43.0,35.3,28.1,19.3,52.0,8.1,43.7,5.0,4.9,3.8,0.9,0.5,8.4,63.1,2.8,44.6,0.4,12.8,2.7,49.1,37.4,22.5,7.2,30.1,77
Zion Williamson,41.0,32.7,25.7,15.9,62.1,0.5,35.0,7.0,3.4,2.5,0.9,0.7,15.2,63.2,0.2,25.0,5.1,11.2,0.4,40.0,37.0,17.1,10.8,27.6,79
