Player,GP,MIN,PTS,FG%,3PA,3P%,REB,AST,TO,STL,BLK,Close FGA,Close FG%,Mid FGA,Mid FG%,Post_Ups,Drives,Height,Pos,Class,TEAM
Aaron Gordon: 2015,78.0,23.9,9.2,47.3,1.8,29.6,6.5,1.6,0.8,0.8,0.7,4.3,60.5,1.3,31.7,0.6,2.2,81.0,PF,7.0,ORL
Al Horford: 2015,82.0,32.1,15.2,50.5,3.1,34.4,7.3,3.2,1.3,0.8,1.5,5.6,64.3,4.1,44.4,3.8,2.1,82.0,C,3.0,ATL
Al Jefferson: 2015,47.0,23.3,12.0,48.5,0.0,0.0,6.4,1.5,0.7,0.6,0.9,6.8,51.5,4.0,43.9,11.3,0.0,82.0,C,2.0,CHA
Andre Drummond: 2015,81.0,32.9,16.2,52.1,0.1,33.3,14.8,0.8,1.9,1.5,1.4,12.2,54.1,0.8,25.0,6.0,0.9,83.0,C,2.0,DET
Andrew Bogut: 2015,70.0,20.7,5.4,62.7,0.0,100.0,7.0,2.3,1.2,0.5,1.6,3.8,65.8,0.1,30.0,2.5,0.1,84.0,C,2.0,GSW
Andrew Wiggins: 2015,81.0,35.1,20.7,45.9,2.3,30.0,3.6,2.0,2.2,1.0,0.6,8.1,59.3,5.6,34.1,3.9,7.5,80.0,SF,6.0,MIN
Blake Griffin: 2015,35.0,33.4,21.4,49.9,0.5,33.3,8.4,4.9,2.4,0.8,0.5,7.8,64.1,9.0,38.1,6.9,3.5,82.0,PF,7.0,LAC
Bojan Bogdanovic: 2015,79.0,26.8,11.2,43.3,4.3,38.2,3.2,1.3,1.5,0.4,0.1,3.8,50.0,1.4,40.0,1.0,3.6,80.0,SF,1.0,BKN
Bradley Beal: 2015,55.0,31.1,17.4,44.9,4.9,38.7,3.4,2.9,2.0,1.0,0.2,5.6,55.4,4.1,36.3,0.5,7.4,77.0,SG,9.0,WAS
CJ McCollum: 2015,80.0,34.7,20.8,44.8,5.9,41.7,3.2,4.3,2.5,1.2,0.3,6.2,48.4,5.8,44.6,0.1,11.3,76.0,SG,9.0,POR
CJ Miles: 2015,64.0,22.9,11.8,40.9,6.0,36.7,2.7,1.0,1.1,0.8,0.5,2.6,50.0,1.3,41.9,0.1,2.2,78.0,SF,1.0,IND
Chris Bosh: 2015,53.0,33.5,19.1,46.7,4.2,36.5,7.4,2.4,1.5,0.7,0.6,4.9,57.1,5.4,45.1,2.9,4.4,83.0,PF,3.0,MIA
Chris Paul: 2015,74.0,32.7,19.5,46.2,4.4,37.1,4.2,10.0,2.6,2.1,0.2,4.4,56.8,6.2,45.7,1.4,11.0,72.0,PG,4.0,LAC
D'Angelo Russell: 2015,80.0,28.2,13.2,41.0,4.6,35.1,3.4,3.3,2.5,1.2,0.2,4.4,50.0,3.0,35.9,0.6,5.4,77.0,PG,8.0,LAL
DeAndre Jordan: 2015,77.0,33.7,12.7,70.3,0.0,0.0,13.8,1.2,1.4,0.7,2.3,6.5,70.8,0.0,33.3,1.6,0.2,83.0,C,2.0,LAC
DeMar DeRozan: 2015,78.0,35.9,23.5,44.6,1.8,33.8,4.5,4.0,2.2,1.0,0.3,8.7,51.7,7.1,38.0,2.0,16.8,79.0,SG,7.0,TOR
DeMarcus Cousins: 2015,65.0,34.6,26.9,45.1,3.2,33.3,11.5,3.3,3.8,1.6,1.4,13.2,50.8,4.1,35.5,9.3,9.3,83.0,C,11.0,SAC
DeMarre Carroll: 2015,26.0,30.2,11.0,38.9,4.5,39.0,4.7,1.0,1.1,1.7,0.2,4.5,44.4,1.4,19.4,0.1,3.5,80.0,SF,1.0,TOR
Derrick Rose: 2015,66.0,31.8,16.4,42.7,2.3,29.3,3.4,4.7,2.7,0.7,0.2,8.3,47.0,5.3,41.9,0.2,13.5,75.0,PG,7.0,CHI
Ish Smith: 2015,77.0,29.1,12.6,41.1,2.2,32.9,4.0,6.5,2.3,1.1,0.3,6.9,46.4,3.4,35.1,0.1,15.4,72.0,PG,4.0,PHI
JR Smith: 2015,77.0,30.7,12.4,41.5,6.6,40.0,2.8,1.7,0.8,1.1,0.3,2.2,50.0,2.2,37.8,0.1,2.7,78.0,SG,1.0,CLE
James Harden: 2015,82.0,38.1,29.0,43.9,8.0,35.9,6.1,7.5,4.6,1.7,0.6,7.9,53.2,3.9,40.5,1.9,14.5,77.0,SG,5.0,HOU
Jeff Green: 2015,80.0,28.2,11.7,43.0,2.7,31.5,4.2,1.7,1.2,0.7,0.5,5.5,50.9,2.2,37.8,1.8,4.3,81.0,SF,7.0,LAC
Jeff Teague: 2015,79.0,28.5,15.7,43.9,3.5,40.1,2.7,5.9,2.8,1.2,0.3,7.1,49.3,1.9,32.5,0.3,15.1,74.0,PG,4.0,ATL
Kevin Durant: 2015,72.0,35.8,28.2,50.5,6.7,38.7,8.2,5.0,3.5,1.0,1.2,7.0,62.9,5.5,49.5,2.7,8.2,81.0,SF,5.0,OKC
Kevin Love: 2015,77.0,31.5,16.0,41.9,5.7,36.0,9.9,2.4,1.8,0.8,0.5,4.7,48.9,2.4,42.5,6.1,1.7,82.0,PF,3.0,CLE
Klay Thompson: 2015,80.0,33.3,22.1,47.0,8.1,42.5,3.8,2.1,1.7,0.8,0.6,5.5,56.4,3.8,42.3,1.5,5.1,79.0,SG,1.0,GSW
Kristaps Porzingis: 2015,72.0,28.4,14.3,42.1,3.4,33.3,7.3,1.3,1.7,0.7,1.9,5.1,47.1,3.9,43.9,4.1,2.0,87.0,PF,3.0,NYK
Kyle Korver: 2015,80.0,30.0,9.2,43.4,5.0,39.8,3.3,2.1,1.2,0.8,0.4,0.6,66.7,2.1,49.1,0.0,0.7,79.0,SG,1.0,ATL
Kyle Lowry: 2015,77.0,37.0,21.2,42.7,7.1,38.8,4.7,6.4,2.9,2.1,0.4,5.8,50.0,2.7,37.6,0.3,12.7,72.0,PG,5.0,TOR
LaMarcus Aldridge: 2015,74.0,30.6,18.0,51.3,0.2,0.0,8.5,1.5,1.3,0.5,1.1,6.8,61.8,7.1,43.6,8.0,1.2,83.0,PF,2.0,SAS
Larry Nance Jr: 2015,63.0,20.1,5.5,52.7,0.2,10.0,5.0,0.7,0.7,0.9,0.4,2.9,65.5,1.6,38.8,0.4,0.7,81.0,PF,10.0,LAL
Lavoy Allen: 2015,79.0,20.2,5.4,51.6,0.0,0.0,5.4,1.0,0.9,0.3,0.5,3.1,58.1,1.6,35.5,2.2,0.2,81.0,PF,10.0,IND
LeBron James: 2015,76.0,35.6,25.3,52.0,3.7,30.9,7.4,6.8,3.3,1.4,0.6,10.8,64.8,4.1,37.5,4.4,11.1,80.0,SF,5.0,CLE
Matthew Dellavedova: 2015,76.0,24.6,7.5,40.5,3.1,41.0,2.1,4.4,1.5,0.6,0.1,2.4,41.7,1.2,38.2,0.1,5.5,76.0,PG,10.0,CLE
Michael Carter-Williams: 2015,54.0,30.5,11.5,45.2,1.0,27.3,5.1,5.2,2.8,1.5,0.8,6.6,51.5,2.6,36.6,0.9,11.5,78.0,PG,7.0,MIL
Monta Ellis: 2015,81.0,33.8,13.8,42.7,3.5,30.9,3.3,4.7,2.5,1.9,0.5,4.5,53.3,4.7,40.1,0.2,6.8,75.0,SG,7.0,IND
Nicolas Batum: 2015,70.0,35.0,14.9,42.6,5.7,34.8,6.1,5.8,2.9,0.9,0.6,3.0,60.0,3.8,40.3,1.8,5.3,80.0,SF,8.0,CHA
Nikola Jokic: 2015,80.0,21.7,10.0,51.2,1.1,33.3,7.0,2.4,1.3,1.0,0.6,5.4,57.4,1.1,39.3,3.3,0.6,82.0,C,8.0,DEN
Nikola Vucevic: 2015,65.0,31.3,18.2,51.0,0.1,22.2,8.9,2.8,1.9,0.8,1.1,8.4,56.0,7.6,46.0,10.6,2.6,84.0,C,2.0,ORL
PJ Tucker: 2015,82.0,31.0,8.0,41.1,2.5,33.0,6.2,2.2,1.4,1.3,0.2,3.8,47.4,0.7,33.3,1.2,2.5,78.0,SF,10.0,PHX
Ricky Rubio: 2015,76.0,30.6,10.1,37.4,2.5,32.6,4.3,8.7,2.5,2.1,0.1,2.1,42.9,3.2,35.4,0.1,8.7,76.0,PG,4.0,MIN
Russell Westbrook: 2015,80.0,34.4,23.5,45.4,4.3,29.6,7.8,10.4,4.3,2.0,0.3,9.6,54.2,4.2,42.9,1.4,16.1,75.0,PG,5.0,OKC
Stephen Curry: 2015,79.0,34.2,30.1,50.4,11.2,45.4,5.4,6.7,3.3,2.1,0.2,6.5,61.5,2.5,42.5,0.3,8.0,75.0,PG,5.0,GSW
Steven Adams: 2015,80.0,25.2,8.0,61.3,0.0,0.0,6.7,0.8,1.1,0.5,1.1,5.1,62.7,0.2,42.9,0.9,0.2,84.0,C,2.0,OKC
Taj Gibson: 2015,73.0,26.5,8.6,52.6,0.0,0.0,6.9,1.5,1.1,0.6,1.1,5.1,56.9,1.7,38.9,3.9,0.4,81.0,PF,2.0,CHI
Tobias Harris: 2015,76.0,33.1,14.7,46.9,3.1,33.5,6.7,2.2,1.4,0.9,0.5,6.5,55.4,2.1,38.2,2.7,5.3,81.0,PF,8.0,DET
Tony Parker: 2015,72.0,27.5,11.9,49.3,0.9,41.5,2.4,5.3,1.8,0.8,0.2,5.0,56.0,3.9,42.5,0.1,12.3,74.0,PG,7.0,SAS
Tristan Thompson: 2015,82.0,27.7,7.8,58.8,0.0,0.0,9.0,0.8,0.7,0.5,0.6,4.9,61.2,0.2,29.4,0.5,0.4,81.0,PF,2.0,CLE
Tyson Chandler: 2015,66.0,24.5,7.2,58.3,0.0,0.0,8.7,1.0,1.4,0.5,0.7,4.3,62.8,0.5,12.9,0.9,0.2,85.0,C,2.0,PHX
Victor Oladipo: 2015,72.0,33.0,16.0,43.8,3.9,34.8,4.8,3.9,2.1,1.6,0.8,5.8,50.0,3.8,43.2,0.1,8.0,76.0,SG,7.0,ORL
Wesley Johnson: 2015,80.0,20.8,6.9,40.4,3.9,33.3,3.1,0.6,0.7,1.1,0.7,1.1,63.6,1.5,38.8,0.2,0.3,79.0,SF,10.0,LAC
Wesley Matthews: 2015,78.0,33.9,12.5,38.8,6.7,36.0,3.1,1.9,1.0,1.0,0.2,2.3,47.8,1.9,41.1,2.4,3.5,77.0,SF,1.0,DAL
Will Barton: 2015,82.0,28.7,14.4,43.2,4.0,34.5,5.8,2.5,1.7,0.9,0.5,5.9,52.5,2.1,34.1,0.1,7.3,78.0,SG,7.0,DEN
Andre Roberson: 2016,79.0,30.1,6.6,46.4,2.3,24.5,5.1,1.0,0.6,1.2,1.0,3.4,64.7,0.1,28.6,0.1,1.2,79.0,SF,10.0,OKC
Andrew Bogut: 2016,27.0,21.6,2.9,46.9,0.0,0.0,8.1,1.8,1.6,0.5,0.9,2.9,48.3,0.1,66.7,1.3,0.3,84.0,C,2.0,CLE
Anthony Davis: 2016,75.0,36.1,28.0,50.5,1.8,29.9,11.8,2.1,2.4,1.3,2.2,10.9,59.6,7.6,42.8,6.5,5.1,83.0,C,11.0,NOP
Austin Rivers: 2016,74.0,27.8,12.0,44.2,4.0,37.1,2.2,2.8,1.6,0.6,0.1,5.0,52.0,0.8,32.8,0.1,8.4,76.0,SG,7.0,LAC
Bojan Bogdanovic: 2016,81.0,25.7,13.7,44.5,4.8,36.7,3.4,1.4,1.6,0.4,0.1,4.3,55.8,1.4,36.4,0.4,5.2,80.0,SF,1.0,WAS
Bradley Beal: 2016,77.0,34.9,23.1,48.2,7.2,40.4,3.1,3.5,2.0,1.1,0.3,6.4,56.3,3.7,47.9,0.4,8.5,77.0,SG,9.0,WAS
Brandon Rush: 2016,47.0,21.9,4.2,37.4,2.4,38.6,2.1,1.0,0.6,0.5,0.5,0.9,33.3,0.7,32.3,0.0,1.1,78.0,SG,10.0,MIN
Brook Lopez: 2016,75.0,29.6,20.5,47.4,5.2,34.6,5.4,2.3,2.5,0.5,1.7,8.7,56.3,1.8,40.7,9.8,3.3,84.0,C,3.0,BKN
CJ McCollum: 2016,80.0,34.9,23.0,48.0,5.5,42.1,3.6,3.6,2.2,0.9,0.5,6.5,53.8,6.0,47.7,0.2,10.1,75.0,SG,9.0,POR
Carmelo Anthony: 2016,74.0,34.3,22.4,43.3,5.7,35.9,5.9,2.9,2.1,0.8,0.5,4.1,48.8,9.0,45.4,6.3,2.3,80.0,SF,6.0,NYK
Chris Paul: 2016,61.0,31.5,18.1,47.6,5.0,41.1,5.0,9.2,2.4,2.0,0.1,2.6,57.7,5.3,50.9,1.6,9.7,72.0,PG,4.0,LAC
Damian Lillard: 2016,75.0,35.9,27.0,44.4,7.7,37.0,4.9,5.9,2.6,0.9,0.3,8.3,51.8,3.9,43.1,0.0,13.8,75.0,PG,5.0,POR
DeAndre Jordan: 2016,81.0,31.7,12.7,71.4,0.0,0.0,13.8,1.2,1.4,0.6,1.7,7.1,71.8,0.0,0.0,2.1,0.1,83.0,C,2.0,LAC
DeMar DeRozan: 2016,74.0,35.4,27.3,46.7,1.7,26.6,5.2,3.9,2.4,1.1,0.2,9.1,56.0,10.1,41.2,2.0,15.3,79.0,SG,7.0,TOR
DeMarcus Cousins: 2016,72.0,34.2,27.0,45.2,5.0,36.1,11.0,4.6,3.7,1.4,1.3,11.3,52.2,3.6,35.7,9.9,8.9,83.0,C,11.0,NOP
Derrick Rose: 2016,64.0,32.5,18.0,47.1,0.9,21.7,3.8,4.4,2.3,0.7,0.3,9.9,51.5,4.4,44.0,0.6,13.8,75.0,PG,7.0,NYK
Devin Booker: 2016,78.0,35.0,22.1,42.3,5.2,36.3,3.2,3.4,3.1,0.9,0.3,6.6,51.5,6.6,38.7,2.2,8.6,78.0,SG,9.0,PHX
Dion Waiters: 2016,46.0,30.1,15.8,42.4,4.7,39.5,3.3,4.3,2.2,0.9,0.4,6.2,46.8,3.5,38.8,0.1,14.0,76.0,SG,6.0,MIA
Dirk Nowitzki: 2016,54.0,26.4,14.2,43.7,3.9,37.8,6.5,1.5,0.9,0.6,0.7,2.0,55.0,6.7,44.3,3.4,0.2,84.0,PF,3.0,DAL
Domantas Sabonis: 2016,81.0,20.1,5.9,39.9,2.0,32.1,3.6,1.0,1.0,0.5,0.4,3.0,43.3,1.0,40.7,1.7,1.5,83.0,PF,10.0,OKC
Draymond Green: 2016,76.0,32.5,10.2,41.8,3.5,30.8,7.9,7.0,2.4,2.0,1.4,4.6,52.2,0.4,20.6,3.7,2.3,79.0,PF,4.0,GSW
Dwyane Wade: 2016,60.0,29.9,18.3,43.4,2.4,31.0,4.5,3.8,2.3,1.4,0.7,7.2,51.4,6.3,39.6,3.1,9.2,76.0,SG,7.0,CHI
Enes Kanter: 2016,72.0,21.3,14.3,54.5,0.5,13.2,6.7,0.9,1.7,0.4,0.5,8.0,61.3,1.6,38.5,7.7,0.7,83.0,C,2.0,OKC
Gordon Hayward: 2016,73.0,34.5,21.9,47.1,5.1,39.8,5.4,3.5,1.9,1.0,0.3,6.2,61.3,4.4,38.4,1.0,9.2,80.0,SF,9.0,UTA
Jahlil Okafor: 2016,50.0,22.7,11.8,51.4,0.0,0.0,4.8,1.2,1.8,0.4,1.0,8.1,54.3,1.5,32.4,6.7,3.2,83.0,C,10.0,PHI
James Johnson: 2016,76.0,27.4,12.8,47.9,3.4,34.0,4.9,3.6,2.3,1.0,1.1,5.4,59.3,1.3,40.2,1.6,6.8,81.0,PF,8.0,MIA
Jeff Teague: 2016,82.0,32.4,15.3,44.2,3.1,35.7,4.0,7.8,2.6,1.2,0.4,6.3,47.6,1.7,45.4,0.2,13.6,74.0,PG,4.0,IND
Jeremy Lin: 2016,36.0,24.5,14.5,43.8,4.3,37.2,3.8,5.1,2.4,1.2,0.4,4.6,50.0,2.2,43.0,0.7,12.0,75.0,PG,8.0,BKN
John Wall: 2016,78.0,36.4,23.1,45.1,3.5,32.7,4.2,10.7,4.1,2.0,0.6,9.2,54.3,5.7,38.7,0.2,16.9,76.0,PG,4.0,WAS
Jordan Clarkson: 2016,82.0,29.2,14.7,44.5,4.3,32.9,3.0,2.6,2.0,1.1,0.1,6.0,55.0,2.6,41.7,0.2,8.5,77.0,SG,7.0,LAL
Karl-Anthony Towns: 2016,82.0,37.0,25.1,54.2,3.4,36.7,12.3,2.7,2.6,0.7,1.3,11.3,62.8,3.5,43.7,11.0,3.5,84.0,C,11.0,MIN
Kentavious Caldwell-Pope: 2016,76.0,33.3,13.8,39.9,5.8,35.0,3.3,2.5,1.1,1.2,0.2,3.2,46.9,3.3,40.2,0.0,2.9,77.0,SG,6.0,DET
Kevin Durant: 2016,62.0,33.4,25.1,53.7,5.0,37.5,8.3,4.8,2.2,1.1,1.6,7.4,67.6,4.2,47.3,3.7,5.5,81.0,PF,5.0,GSW
Kevin Love: 2016,60.0,31.4,19.0,42.7,6.5,37.3,11.1,1.9,2.0,0.9,0.4,5.3,50.9,2.7,40.9,5.6,1.7,82.0,PF,11.0,CLE
Klay Thompson: 2016,78.0,34.0,22.3,46.8,8.3,41.4,3.7,2.1,1.6,0.8,0.5,4.6,58.7,4.8,44.8,0.9,4.8,79.0,SG,1.0,GSW
Kyle Lowry: 2016,60.0,37.4,22.4,46.4,7.8,41.2,4.8,7.0,2.9,1.5,0.3,5.8,55.2,1.7,42.2,0.3,12.9,72.0,PG,4.0,TOR
Kyrie Irving: 2016,72.0,35.1,25.2,47.3,6.1,40.1,3.2,5.8,2.5,1.2,0.3,7.9,51.9,5.7,47.6,0.9,11.9,75.0,PG,5.0,CLE
LeBron James: 2016,74.0,37.8,26.4,54.8,4.6,36.3,8.6,8.7,4.1,1.2,0.6,9.9,69.7,3.6,36.2,3.9,11.3,80.0,SF,5.0,CLE
Lou Williams: 2016,81.0,24.6,17.5,42.9,5.5,36.5,2.5,3.0,2.0,1.0,0.2,5.0,52.0,1.8,36.1,0.0,8.0,73.0,SG,6.0,HOU
Marc Gasol: 2016,74.0,34.2,19.5,45.9,3.6,38.8,6.3,4.6,2.2,0.9,1.3,6.7,53.7,5.3,40.8,10.7,2.5,85.0,C,11.0,MEM
Marcin Gortat: 2016,82.0,31.2,10.8,57.9,0.0,0.0,10.4,1.5,1.5,0.5,0.7,6.9,60.9,1.3,40.9,3.1,0.1,83.0,C,2.0,WAS
Nik Stauskas: 2016,80.0,27.3,9.5,39.6,4.5,36.8,2.8,2.4,1.6,0.6,0.4,2.6,46.2,0.9,31.5,0.0,7.0,78.0,SG,7.0,PHI
Nikola Jokic: 2016,73.0,27.9,16.7,57.8,1.9,32.4,9.8,4.9,2.3,0.8,0.8,7.6,65.8,2.2,51.9,4.6,1.6,82.0,C,11.0,DEN
Nikola Vucevic: 2016,75.0,28.8,14.6,46.8,1.0,30.7,10.4,2.8,1.6,1.0,1.0,6.8,51.5,6.0,43.4,7.7,2.3,84.0,C,2.0,ORL
Reggie Jackson: 2016,52.0,27.4,14.5,41.9,3.5,35.9,2.2,5.2,2.2,0.7,0.1,6.0,45.0,3.4,43.0,0.1,11.2,75.0,PG,6.0,DET
Rudy Gobert: 2016,81.0,33.9,14.0,66.1,0.0,0.0,12.8,1.2,1.8,0.6,2.6,7.7,66.2,0.1,40.0,0.8,0.8,85.0,C,2.0,UTA
Ryan Anderson: 2016,72.0,29.4,13.6,41.8,7.0,40.3,4.6,0.9,0.8,0.4,0.2,2.4,50.0,1.3,33.7,0.9,1.7,82.0,PF,3.0,HOU
Seth Curry: 2016,70.0,29.0,12.8,48.1,4.6,42.5,2.6,2.7,1.3,1.1,0.1,2.7,63.0,2.7,43.6,0.0,5.4,74.0,PG,1.0,DAL
Stephen Curry: 2016,79.0,33.4,25.3,46.8,10.0,41.1,4.5,6.6,3.0,1.8,0.2,5.5,58.2,2.8,45.2,0.3,8.4,75.0,PG,5.0,GSW
TJ McConnell: 2016,81.0,26.3,6.9,46.1,0.7,20.0,3.1,6.6,2.0,1.7,0.1,4.2,52.4,1.5,39.8,0.1,11.1,74.0,PG,4.0,PHI
Tim Frazier: 2016,65.0,23.5,7.1,40.3,2.0,31.3,2.7,5.2,1.6,0.9,0.1,3.0,50.0,1.3,35.7,0.1,7.2,73.0,PG,4.0,NOP
Ty Lawson: 2016,69.0,25.1,9.9,45.4,1.7,28.8,2.6,4.8,1.9,1.1,0.1,3.4,52.9,2.5,44.5,0.1,11.1,71.0,PG,4.0,SAC
Tyson Chandler: 2016,47.0,27.6,8.4,67.1,0.0,0.0,11.5,0.6,1.4,0.7,0.5,4.8,68.8,0.0,0.0,1.0,0.1,85.0,C,2.0,PHX
Victor Oladipo: 2016,67.0,33.2,15.9,44.2,5.3,36.1,4.3,2.6,1.8,1.2,0.3,5.6,53.6,3.1,41.7,0.3,6.3,76.0,SG,8.0,OKC
Andrew Wiggins: 2017,82.0,36.3,17.7,43.8,4.1,33.1,4.4,2.0,1.7,1.1,0.6,7.1,57.7,4.6,31.8,2.5,7.7,80.0,SF,6.0,MIN
Anthony Davis: 2017,75.0,36.4,28.1,53.4,2.2,34.0,11.1,2.3,2.2,1.5,2.6,11.9,64.7,5.4,36.4,6.4,4.1,82.0,PF,11.0,NOP
Ben Simmons: 2017,81.0,33.7,15.8,54.5,0.1,0.0,8.1,8.2,3.4,1.7,0.9,10.8,58.3,1.3,27.8,3.2,15.5,82.0,PG,4.0,PHI
Bojan Bogdanovic: 2017,80.0,30.8,14.3,47.4,4.8,40.2,3.4,1.5,1.3,0.7,0.1,4.4,56.8,1.5,47.9,0.3,4.9,80.0,SF,1.0,IND
Brandon Ingram: 2017,59.0,33.5,16.1,47.0,1.8,39.0,5.3,3.9,2.5,0.8,0.7,7.4,52.7,3.7,41.2,0.9,10.6,81.0,SF,7.0,LAL
Brook Lopez: 2017,74.0,23.4,13.0,46.5,4.4,34.5,4.0,1.7,1.3,0.4,1.3,5.3,58.5,1.0,40.3,5.5,1.9,84.0,C,3.0,LAL
Buddy Hield: 2017,80.0,25.3,13.5,44.6,5.1,43.1,3.8,1.9,1.6,1.1,0.3,3.5,51.4,3.1,41.5,0.0,4.4,76.0,SG,1.0,SAC
Cameron Payne: 2017,25.0,23.3,8.8,40.5,3.6,38.5,2.8,4.5,1.4,1.0,0.4,3.8,44.7,1.2,33.3,0.0,6.2,75.0,PG,4.0,CHI
Caris LeVert: 2017,71.0,26.2,12.1,43.5,3.5,34.7,3.7,4.2,2.2,1.2,0.3,5.8,51.7,1.1,32.1,0.0,11.0,79.0,SF,8.0,BKN
Carmelo Anthony: 2017,78.0,32.1,16.2,40.4,6.1,35.7,5.8,1.3,1.3,0.6,0.6,3.0,53.3,5.9,39.3,3.6,1.7,80.0,PF,6.0,OKC
Chris Paul: 2017,58.0,31.8,18.6,46.0,6.5,38.0,5.4,7.9,2.2,1.7,0.2,4.1,51.2,3.1,53.9,1.3,11.7,72.0,PG,4.0,HOU
Damian Lillard: 2017,73.0,36.6,26.9,43.9,8.6,36.1,4.5,6.6,2.8,1.1,0.4,7.5,50.7,3.3,47.9,0.0,12.6,75.0,PG,5.0,POR
Danilo Gallinari: 2017,21.0,32.0,15.3,39.8,5.3,32.4,4.8,2.0,1.2,0.6,0.5,3.8,47.4,3.0,42.2,2.3,5.0,82.0,SF,6.0,LAC
DeMar DeRozan: 2017,80.0,33.9,23.0,45.6,3.6,31.0,3.9,5.2,2.2,1.1,0.3,7.7,55.8,6.3,42.5,1.2,16.3,79.0,SG,7.0,TOR
DeMarcus Cousins: 2017,48.0,36.2,25.2,47.0,6.1,35.4,12.9,5.4,5.0,1.6,1.6,10.1,56.4,1.9,33.3,7.5,9.3,83.0,C,11.0,NOP
Dennis Schroder: 2017,67.0,31.0,19.4,43.6,3.9,29.0,3.1,6.2,2.7,1.1,0.1,8.0,50.0,5.2,44.8,0.0,16.4,73.0,PG,4.0,ATL
Dennis Smith Jr: 2017,69.0,29.7,15.2,39.5,4.9,31.3,3.8,5.2,2.8,1.0,0.3,6.9,49.3,3.0,30.6,0.3,12.7,75.0,PG,7.0,DAL
Denzel Valentine: 2017,77.0,27.2,10.2,41.7,4.8,38.6,5.1,3.2,1.3,0.8,0.1,2.8,53.6,1.8,34.8,0.0,4.9,78.0,SG,10.0,CHI
Derrick Favors: 2017,77.0,28.0,12.3,56.3,0.8,22.2,7.2,1.3,1.1,0.7,1.1,6.5,66.2,1.8,35.2,1.8,0.2,82.0,C,2.0,UTA
Dwyane Wade: 2017,67.0,22.9,11.4,43.8,1.7,28.8,3.8,3.4,2.1,0.9,0.7,5.4,55.6,3.2,33.5,2.0,6.2,76.0,SG,7.0,MIA
Elfrid Payton: 2017,63.0,28.7,12.7,49.3,1.5,32.6,4.3,6.2,2.7,1.3,0.3,7.8,55.1,1.3,37.5,0.1,11.8,76.0,PG,4.0,PHX
Goran Dragic: 2017,75.0,31.7,17.3,45.0,4.0,37.0,4.1,4.8,2.2,0.8,0.2,7.2,52.8,3.1,36.9,0.2,14.6,75.0,PG,9.0,MIA
Hassan Whiteside: 2017,54.0,25.3,14.0,54.0,0.0,100.0,11.4,1.0,1.7,0.7,1.7,8.8,56.8,1.9,34.3,4.4,0.9,84.0,C,2.0,MIA
JJ Barea: 2017,69.0,23.2,11.6,43.9,4.5,36.7,2.9,6.3,2.1,0.5,0.0,4.0,55.0,1.4,39.2,0.0,9.5,72.0,PG,4.0,DAL
Jae Crowder: 2017,80.0,26.1,9.7,40.4,4.3,32.3,3.4,1.2,0.9,0.8,0.3,2.7,59.3,1.4,30.4,0.5,2.0,78.0,SF,10.0,UTA
James Harden: 2017,72.0,35.4,30.4,44.9,10.0,36.7,5.4,8.8,4.4,1.8,0.7,8.4,56.0,1.8,39.1,1.4,17.1,77.0,SG,5.0,HOU
Jeff Teague: 2017,70.0,33.0,14.2,44.6,3.3,36.8,3.0,7.0,2.5,1.5,0.3,6.4,50.0,1.7,39.7,0.1,14.0,74.0,PG,4.0,MIN
Jimmy Butler: 2017,59.0,36.7,22.2,47.4,3.4,35.0,5.3,4.9,1.8,2.0,0.4,7.2,59.7,5.0,38.6,2.6,12.1,80.0,SG,7.0,MIN
Joel Embiid: 2017,63.0,30.4,22.9,48.3,3.4,30.8,11.0,3.2,3.7,0.6,1.8,8.8,56.8,4.7,44.0,13.8,3.3,84.0,C,11.0,PHI
John Wall: 2017,41.0,34.4,19.4,42.0,4.1,37.1,3.7,9.6,3.9,1.4,1.1,7.1,54.9,5.1,28.1,0.2,15.4,76.0,PG,4.0,WAS
Jonathon Simmons: 2017,69.0,29.4,13.9,46.5,3.0,33.8,3.5,2.5,2.1,0.8,0.2,6.0,55.0,2.0,40.7,0.7,10.0,78.0,SG,7.0,ORL
Josh Hart: 2017,63.0,23.2,7.9,46.9,3.1,39.6,4.2,1.3,0.7,0.7,0.3,2.4,58.3,0.5,31.0,0.1,1.9,77.0,SG,10.0,LAL
Josh Jackson: 2017,77.0,25.4,13.1,41.7,2.8,26.3,4.6,1.5,1.9,1.0,0.5,7.0,48.6,2.3,37.7,0.2,6.5,80.0,SF,6.0,PHX
Karl-Anthony Towns: 2017,82.0,35.6,21.3,54.5,3.5,42.1,12.3,2.4,1.9,0.8,1.4,8.5,61.2,2.3,47.9,6.5,2.6,84.0,C,11.0,MIN
Kevin Durant: 2017,68.0,34.2,26.4,51.6,6.1,41.9,6.8,5.4,3.0,0.7,1.8,6.1,63.9,5.8,49.4,4.3,5.7,81.0,SF,5.0,GSW
Kevin Love: 2017,59.0,28.0,17.6,45.8,5.6,41.5,9.3,1.7,1.5,0.7,0.4,4.8,54.2,2.0,39.3,4.5,1.4,82.0,C,3.0,CLE
Kristaps Porzingis: 2017,48.0,32.4,22.7,43.9,4.8,39.5,6.6,1.2,1.9,0.8,2.4,7.1,49.3,6.8,40.2,8.0,2.5,87.0,PF,3.0,NYK
Kyle Korver: 2017,73.0,21.6,9.2,45.9,5.2,43.6,2.3,1.2,0.8,0.4,0.4,0.7,57.1,0.9,46.9,0.0,0.4,79.0,SG,1.0,CLE
LaMarcus Aldridge: 2017,75.0,33.4,23.1,51.0,1.2,29.3,8.5,2.0,1.5,0.6,1.2,9.4,59.6,7.4,42.5,13.9,1.4,83.0,C,2.0,SAS
Lance Stephenson: 2017,82.0,22.6,9.2,42.7,2.8,28.9,5.2,2.9,1.6,0.6,0.2,3.5,54.3,2.3,40.7,0.1,5.5,78.0,SG,10.0,IND
Lauri Markkanen: 2017,68.0,29.7,15.2,43.4,5.9,36.2,7.5,1.2,1.2,0.6,0.6,4.7,55.3,2.1,35.6,2.3,3.6,84.0,PF,3.0,CHI
LeBron James: 2017,82.0,36.9,27.5,54.2,5.0,36.7,8.6,9.1,4.2,1.4,0.9,10.7,67.3,3.7,38.9,4.4,11.7,80.0,PF,5.0,CLE
Luc Mbah a Moute: 2017,61.0,25.6,7.5,48.1,2.8,36.4,3.0,0.9,1.1,1.2,0.4,2.7,63.0,0.1,0.0,0.3,3.0,80.0,PF,10.0,HOU
Michael Kidd-Gilchrist: 2017,74.0,25.0,9.2,50.4,0.0,0.0,4.1,1.0,0.7,0.7,0.4,4.9,57.1,2.7,37.6,0.5,3.0,79.0,SF,10.0,CHA
Nikola Jokic: 2017,75.0,32.6,18.5,49.9,3.7,39.6,10.7,6.1,2.8,1.2,0.8,7.2,55.6,2.5,47.9,7.5,2.7,82.0,C,11.0,DEN
Nikola Vucevic: 2017,57.0,29.5,16.5,47.5,3.6,31.4,9.2,3.4,1.9,1.0,1.1,7.5,57.3,3.7,43.1,6.1,2.5,84.0,C,11.0,ORL
Pascal Siakam: 2017,80.0,20.7,7.2,50.7,1.6,22.5,4.5,2.0,0.8,0.8,0.5,4.3,62.8,0.2,30.8,0.3,3.2,81.0,PF,9.0,TOR
Paul George: 2017,79.0,36.6,21.9,43.0,7.7,40.1,5.7,3.3,2.7,2.0,0.5,5.4,53.7,3.8,33.2,1.0,8.9,81.0,SF,9.0,OKC
Rajon Rondo: 2017,65.0,26.2,8.3,46.8,2.3,33.3,4.0,8.2,2.3,1.1,0.2,4.4,56.8,0.9,36.2,0.1,7.9,73.0,PG,4.0,NOP
Serge Ibaka: 2017,76.0,27.5,12.6,48.3,3.9,36.0,6.3,0.8,1.2,0.4,1.3,3.8,60.5,2.6,49.8,1.1,3.3,82.0,PF,3.0,TOR
Stanley Johnson: 2017,69.0,27.4,8.7,37.5,3.4,28.6,3.7,1.6,1.1,1.4,0.2,3.2,46.9,1.6,36.1,0.4,4.1,79.0,SF,10.0,DET
Thabo Sefolosha: 2017,38.0,21.2,8.2,49.2,2.2,38.1,4.2,0.9,0.8,1.4,0.3,3.1,61.3,1.0,38.5,0.1,3.0,79.0,SF,10.0,UTA
Tim Hardaway Jr: 2017,57.0,33.1,17.5,42.1,7.2,31.7,3.9,2.7,1.6,1.1,0.2,5.4,53.7,2.5,45.7,0.0,5.2,78.0,SG,6.0,NYK
Willie Cauley-Stein: 2017,73.0,28.0,12.8,50.2,0.2,25.0,7.0,2.4,1.5,1.1,0.9,8.4,53.6,2.1,39.1,3.9,3.2,84.0,C,2.0,SAC
Zach LaVine: 2017,24.0,27.3,16.7,38.3,5.1,34.1,3.9,3.0,1.8,1.0,0.2,6.8,47.1,3.0,25.4,0.2,8.7,77.0,SG,6.0,CHI
Aaron Gordon: 2018,78.0,33.8,16.0,44.9,4.4,34.9,7.4,3.7,2.1,0.7,0.7,6.7,55.2,2.3,33.0,2.9,6.1,81.0,PF,7.0,ORL
Anthony Davis: 2018,56.0,33.0,25.9,51.7,2.6,33.1,12.0,3.9,2.0,1.6,2.4,11.6,61.2,4.2,35.5,7.0,3.8,82.0,C,11.0,NOP
Blake Griffin: 2018,75.0,35.0,24.5,46.2,7.0,36.2,7.5,5.4,3.4,0.7,0.4,9.5,56.8,1.4,26.4,8.4,8.0,82.0,PF,11.0,DET
Bobby Portis: 2018,50.0,26.0,14.2,44.4,3.8,39.3,8.1,1.4,1.5,0.7,0.4,6.7,50.7,2.1,35.9,3.7,2.4,83.0,PF,3.0,WAS
Bogdan Bogdanovic: 2018,70.0,27.8,14.1,41.8,5.3,36.0,3.5,3.8,1.7,1.0,0.2,4.9,49.0,2.1,41.1,0.8,8.0,78.0,SG,6.0,SAC
CJ McCollum: 2018,70.0,33.9,21.0,45.9,6.4,37.5,4.0,3.0,1.5,0.8,0.4,6.9,50.7,4.6,50.2,0.1,9.4,75.0,SG,9.0,POR
Caris LeVert: 2018,40.0,26.6,13.7,42.9,3.9,31.2,3.8,3.9,1.7,1.1,0.4,7.6,51.3,0.6,16.7,0.0,12.0,79.0,SF,8.0,BKN
Chris Paul: 2018,58.0,32.0,15.6,41.9,6.1,35.8,4.6,8.2,2.6,2.0,0.3,3.8,50.0,2.5,47.6,2.2,12.1,72.0,PG,4.0,HOU
Collin Sexton: 2018,82.0,31.8,16.7,43.0,3.6,40.2,2.9,3.0,2.3,0.5,0.1,6.6,47.0,4.5,39.2,0.1,10.8,74.0,PG,6.0,CLE
Damian Lillard: 2018,80.0,35.5,25.8,44.4,8.0,36.9,4.6,6.9,2.7,1.1,0.4,7.6,51.3,3.6,46.1,0.1,13.3,75.0,PG,5.0,POR
De'Aaron Fox: 2018,81.0,31.4,17.3,45.8,2.9,37.1,3.8,7.3,2.8,1.6,0.6,8.0,52.5,2.7,37.3,0.1,12.2,75.0,PG,4.0,SAC
DeMar DeRozan: 2018,77.0,34.9,21.2,48.1,0.6,15.6,6.0,6.2,2.6,1.1,0.5,9.2,56.5,7.2,40.5,2.4,18.7,79.0,SG,7.0,SAS
Deandre Ayton: 2018,71.0,30.7,16.3,58.5,0.1,0.0,10.3,1.8,1.8,0.9,0.9,9.0,65.6,3.2,39.9,5.8,0.4,85.0,C,2.0,PHX
Dennis Schroder: 2018,79.0,29.3,15.5,41.4,4.6,34.1,3.6,4.1,2.2,0.8,0.2,6.4,46.9,2.9,42.7,0.0,11.7,73.0,PG,6.0,OKC
Dennis Smith Jr: 2018,53.0,28.5,13.6,42.8,3.9,32.2,2.9,4.8,2.9,1.3,0.4,6.3,50.8,2.0,35.5,0.2,12.0,75.0,PG,7.0,NYK
Derrick White: 2018,67.0,25.8,9.9,47.9,2.1,33.8,3.7,3.9,1.4,1.0,0.7,4.4,54.5,1.6,47.7,0.0,8.6,76.0,PG,10.0,SAS
Devin Booker: 2018,64.0,35.0,26.6,46.7,6.5,32.6,4.1,6.8,4.1,0.9,0.2,8.6,58.1,4.6,44.9,1.3,13.9,78.0,SG,5.0,PHX
Domantas Sabonis: 2018,74.0,24.8,14.1,59.0,0.2,52.9,9.3,2.9,2.2,0.6,0.4,7.5,64.0,1.7,38.0,4.4,1.6,83.0,C,2.0,IND
Dwyane Wade: 2018,72.0,26.2,15.0,43.3,3.6,33.0,4.0,4.2,2.3,0.8,0.5,6.5,53.8,3.2,33.0,1.6,9.3,76.0,SG,7.0,MIA
Eric Gordon: 2018,68.0,31.7,16.2,40.9,8.8,36.0,2.2,1.9,1.3,0.6,0.4,4.6,50.0,0.3,40.0,0.1,7.4,76.0,SG,1.0,HOU
Evan Turner: 2018,73.0,22.0,6.8,46.0,0.7,21.2,4.5,3.9,1.6,0.5,0.2,3.6,52.8,1.7,46.0,1.8,4.0,79.0,PG,10.0,POR
Gary Harris: 2018,57.0,28.8,12.9,42.4,4.2,33.9,2.8,2.2,1.2,1.0,0.3,5.6,51.8,1.3,30.3,0.0,7.7,76.0,SG,6.0,DEN
Giannis Antetokounmpo: 2018,72.0,32.8,27.7,57.8,2.8,25.6,12.5,5.9,3.7,1.3,1.5,12.9,68.2,1.6,34.5,4.6,12.5,83.0,PF,5.0,MIL
Goran Dragic: 2018,36.0,27.5,13.7,41.3,4.6,34.8,3.1,4.8,2.0,0.8,0.1,6.0,48.3,1.6,32.1,0.1,11.0,75.0,PG,8.0,MIA
Hassan Whiteside: 2018,72.0,23.3,12.3,57.1,0.2,12.5,11.3,0.8,1.3,0.6,1.9,8.5,60.0,0.8,32.1,2.8,0.5,84.0,C,2.0,MIA
JJ Redick: 2018,76.0,31.3,18.1,44.0,8.0,39.7,2.4,2.7,1.3,0.4,0.2,1.8,55.6,3.7,48.0,0.0,2.3,76.0,SG,1.0,PHI
JaVale McGee: 2018,75.0,22.3,12.0,62.4,0.2,8.3,7.5,0.7,1.4,0.6,2.0,8.0,65.0,0.4,34.4,1.4,0.6,84.0,C,2.0,LAL
Jamal Murray: 2018,75.0,32.6,18.2,43.7,5.5,36.7,4.2,4.8,2.1,0.9,0.4,6.5,50.8,3.6,43.1,0.3,10.2,76.0,PG,9.0,DEN
James Harden: 2018,78.0,36.8,36.1,44.2,13.2,36.8,6.6,7.5,5.0,2.0,0.7,10.3,53.4,1.0,42.0,1.1,19.6,77.0,PG,5.0,HOU
Jaren Jackson Jr: 2018,58.0,26.1,13.8,50.6,2.4,35.9,4.7,1.1,1.7,0.9,1.4,7.2,56.9,0.5,29.6,4.6,2.1,83.0,PF,3.0,MEM
Jaylen Brown: 2018,74.0,25.9,13.0,46.5,3.7,34.4,4.2,1.4,1.3,0.9,0.4,5.6,57.1,1.4,38.6,1.2,5.1,79.0,SG,8.0,BOS
Jayson Tatum: 2018,79.0,31.1,15.7,45.0,3.9,37.3,6.0,2.1,1.5,1.1,0.7,5.7,54.4,3.5,36.6,1.5,5.6,80.0,SF,8.0,BOS
Jeff Teague: 2018,42.0,30.1,12.1,42.3,2.5,33.3,2.5,8.2,2.3,1.0,0.4,6.2,45.2,1.2,42.3,0.1,14.1,74.0,PG,4.0,MIN
Jeremy Lamb: 2018,79.0,28.5,15.3,44.0,4.2,34.8,5.5,2.2,1.0,1.1,0.4,6.3,49.2,1.9,46.7,0.1,8.5,77.0,SG,8.0,CHA
Joe Harris: 2018,76.0,30.2,13.7,50.0,5.1,47.4,3.8,2.4,1.6,0.5,0.2,4.4,52.3,0.4,45.2,0.0,7.0,78.0,SG,1.0,BKN
Joe Ingles: 2018,82.0,31.3,12.1,44.8,5.9,39.1,4.0,5.7,2.4,1.2,0.2,3.4,55.9,0.4,40.0,0.1,10.0,80.0,PF,1.0,UTA
Joel Embiid: 2018,64.0,33.7,27.5,48.4,4.1,30.0,13.6,3.7,3.5,0.7,1.9,11.0,59.1,3.6,36.1,10.2,4.8,84.0,C,11.0,PHI
John Collins: 2018,61.0,30.0,19.5,56.0,2.6,34.8,9.8,2.0,2.0,0.4,0.6,10.2,63.7,0.8,30.6,2.5,2.8,82.0,PF,3.0,ATL
Josh Jackson: 2018,79.0,25.2,11.5,41.3,2.8,32.4,4.4,2.3,2.2,0.9,0.7,6.2,45.2,1.6,38.5,0.2,7.0,80.0,SG,10.0,PHX
Josh Okogie: 2018,74.0,23.7,7.7,38.6,2.9,27.9,2.9,1.2,0.9,1.2,0.4,3.1,48.4,1.0,34.3,0.0,3.0,76.0,SG,10.0,MIN
Karl-Anthony Towns: 2018,77.0,33.0,24.4,51.8,4.6,40.0,12.4,3.4,3.1,0.9,1.6,10.0,60.0,2.4,39.9,12.9,3.6,84.0,C,11.0,MIN
Kawhi Leonard: 2018,60.0,34.0,26.6,49.6,5.0,37.1,7.3,3.3,2.0,1.8,0.4,8.3,60.2,5.5,45.9,4.0,13.6,79.0,SF,5.0,TOR
Kelly Olynyk: 2018,79.0,22.9,10.0,46.3,4.0,35.4,4.7,1.8,1.4,0.7,0.5,2.5,68.0,0.5,35.7,1.2,2.0,84.0,PF,10.0,MIA
Kelly Oubre Jr: 2018,69.0,28.0,15.2,44.5,4.9,32.0,4.7,1.2,1.5,1.2,0.9,6.5,53.8,0.8,46.4,0.1,6.0,79.0,SF,8.0,PHX
Kemba Walker: 2018,82.0,34.9,25.6,43.4,8.9,35.6,4.4,5.9,2.6,1.2,0.4,8.3,50.6,3.3,46.9,0.0,15.2,73.0,PG,5.0,CHA
Kevin Durant: 2018,78.0,34.6,26.0,52.1,5.0,35.3,6.4,5.9,2.9,0.7,1.1,6.8,63.2,5.9,55.1,6.3,7.5,81.0,SF,5.0,GSW
Kevin Love: 2018,22.0,27.2,17.0,38.5,6.7,36.1,10.9,2.2,1.9,0.3,0.2,4.3,46.5,1.9,26.2,5.6,1.9,82.0,PF,3.0,CLE
Klay Thompson: 2018,78.0,34.0,21.5,46.7,7.7,40.2,3.8,2.4,1.5,1.1,0.6,4.6,58.7,5.7,45.3,1.3,4.4,79.0,SG,1.0,GSW
Kris Dunn: 2018,46.0,30.2,11.3,42.5,2.1,35.4,4.1,6.0,2.3,1.5,0.5,6.3,47.6,2.6,38.1,0.5,11.7,76.0,PG,4.0,CHI
Kyle Kuzma: 2018,70.0,33.1,18.7,45.6,6.0,30.3,5.5,2.5,1.9,0.6,0.4,8.1,58.0,1.4,39.4,2.1,6.0,81.0,PF,8.0,LAL
Langston Galloway: 2018,80.0,21.8,8.4,38.8,4.8,35.5,2.1,1.1,0.3,0.5,0.1,1.7,41.2,1.0,44.7,0.0,2.1,74.0,SG,10.0,DET
Lauri Markkanen: 2018,52.0,32.3,18.7,43.0,6.4,36.1,9.0,1.4,1.6,0.7,0.6,6.9,52.2,2.0,33.7,2.5,6.0,84.0,PF,3.0,CHI
Lonzo Ball: 2018,47.0,30.3,9.9,40.6,4.9,32.9,5.3,5.4,2.2,1.5,0.4,4.2,50.0,0.7,35.5,0.5,5.0,78.0,PG,8.0,LAL
Luka Doncic: 2018,72.0,32.2,21.2,42.7,7.1,32.7,7.8,6.0,3.4,1.1,0.3,7.5,53.3,1.8,38.3,1.7,14.7,79.0,SG,9.0,DAL
Marcus Smart: 2018,80.0,27.5,8.9,42.2,4.3,36.4,2.9,4.0,1.5,1.8,0.4,2.3,52.2,0.5,36.6,1.0,3.5,76.0,SG,10.0,BOS
Markelle Fultz: 2018,19.0,22.5,8.2,41.9,0.7,28.6,3.7,3.1,1.3,0.9,0.3,5.3,50.9,2.2,24.4,0.2,7.4,76.0,SG,10.0,ORL
Mitchell Robinson: 2018,66.0,20.6,7.3,69.4,0.0,0.0,6.4,0.6,0.5,0.8,2.4,4.4,70.5,0.0,33.3,0.4,0.0,85.0,C,2.0,NYK
Myles Turner: 2018,74.0,28.6,13.3,48.7,2.6,38.8,7.2,1.6,1.4,0.8,2.7,4.6,58.7,3.3,41.2,2.3,0.7,83.0,C,3.0,IND
Nikola Jokic: 2018,80.0,31.3,20.1,51.1,3.4,30.7,10.8,7.3,3.1,1.4,0.7,9.8,60.2,1.9,40.3,7.7,3.7,84.0,C,4.0,DEN
Nikola Mirotic: 2018,46.0,27.1,15.2,43.9,6.9,36.5,7.4,1.2,1.0,0.7,0.7,3.3,63.6,1.5,35.7,1.7,1.2,82.0,PF,3.0,MIL
Nikola Vucevic: 2018,80.0,31.4,20.8,51.8,2.9,36.4,12.0,3.8,2.0,1.0,1.1,10.4,58.7,3.6,43.6,9.2,2.3,84.0,C,11.0,ORL
Rodney McGruder: 2018,66.0,23.5,7.6,40.3,3.4,35.1,3.6,1.7,1.0,0.5,0.2,3.3,45.5,0.3,33.3,0.0,4.8,76.0,SG,10.0,LAC
Rudy Gay: 2018,69.0,26.7,13.7,50.4,2.7,40.2,6.8,2.6,1.7,0.8,0.5,5.1,54.9,3.0,52.2,2.4,4.8,80.0,PF,7.0,SAS
Russell Westbrook: 2018,73.0,36.0,22.9,42.8,5.6,29.0,11.1,10.7,4.5,1.9,0.5,9.7,56.7,4.9,31.8,1.8,18.4,75.0,PG,5.0,OKC
Stephen Curry: 2018,69.0,33.8,27.3,47.2,11.7,43.7,5.3,5.2,2.8,1.3,0.4,4.8,58.3,2.8,43.4,0.3,7.7,75.0,PG,5.0,GSW
Steven Adams: 2018,80.0,33.4,13.9,59.5,0.0,0.0,9.5,1.6,1.7,1.5,1.0,9.8,60.2,0.3,60.0,5.0,0.1,84.0,C,2.0,OKC
Terrance Ferguson: 2018,74.0,26.1,6.9,42.9,3.9,36.6,1.9,1.0,0.6,0.5,0.2,1.5,60.0,0.5,26.5,0.0,1.4,79.0,SG,10.0,OKC
Terrence Ross: 2018,81.0,26.5,15.1,42.8,7.0,38.3,3.5,1.7,1.1,0.9,0.4,1.7,58.8,4.0,43.5,0.0,2.1,79.0,SG,8.0,ORL
Tobias Harris: 2018,82.0,34.7,20.0,48.7,4.8,39.7,7.9,2.8,1.8,0.6,0.5,7.7,55.8,2.8,43.7,2.1,8.8,81.0,PF,9.0,PHI
Tyus Jones: 2018,68.0,22.9,6.9,41.5,1.9,31.7,2.0,4.8,0.7,1.2,0.1,3.4,50.0,1.3,36.7,0.0,4.6,74.0,PG,4.0,MIN
Victor Oladipo: 2018,36.0,31.9,18.8,42.3,6.0,34.3,5.6,5.2,2.3,1.7,0.3,5.7,50.9,4.6,42.5,0.0,9.5,76.0,SG,6.0,IND
Wendell Carter Jr: 2018,44.0,25.2,10.3,48.5,0.7,18.8,7.0,1.8,1.5,0.6,1.3,5.6,58.9,2.1,35.2,3.1,0.3,82.0,C,2.0,CHI
Zach LaVine: 2018,63.0,34.5,23.7,46.7,5.1,37.4,4.7,4.5,3.4,1.0,0.4,9.6,55.2,3.2,35.8,0.5,13.6,77.0,SG,9.0,CHI
Aaron Gordon: 2019,62.0,32.5,14.4,43.7,3.8,30.8,7.7,3.7,1.6,0.8,0.6,6.3,58.7,2.2,25.0,3.2,4.8,80.0,PF,7.0,ORL
Al Horford: 2019,67.0,30.2,11.9,45.0,4.2,35.0,6.8,4.0,1.2,0.8,0.9,4.1,53.7,2.3,44.6,4.3,1.4,81.0,C,3.0,PHI
Andrew Wiggins: 2019,54.0,34.4,21.8,44.7,6.2,33.2,5.1,3.7,2.4,0.8,1.0,9.4,55.3,2.5,33.8,1.0,14.1,79.0,SF,6.0,GSW
Anfernee Simons: 2019,70.0,20.7,8.3,39.9,3.2,33.2,2.2,1.4,0.9,0.4,0.1,2.9,44.8,1.5,42.1,0.0,3.7,75.0,SG,10.0,POR
Anthony Davis: 2019,62.0,34.4,26.1,50.3,3.5,33.0,9.3,3.2,2.5,1.5,2.3,10.1,62.4,4.1,34.9,8.8,3.6,82.0,PF,11.0,LAL
Bam Adebayo: 2019,72.0,33.6,15.9,55.7,0.2,14.3,10.2,5.1,2.8,1.1,1.3,9.4,61.7,1.3,22.3,3.2,4.4,81.0,PF,2.0,MIA
Blake Griffin: 2019,18.0,28.5,15.5,35.2,6.2,24.3,4.7,3.3,2.2,0.4,0.4,6.9,46.4,0.8,20.0,4.1,6.2,81.0,PF,8.0,DET
Bogdan Bogdanovic: 2019,61.0,28.9,15.1,44.0,7.2,37.2,3.4,3.4,1.7,1.0,0.2,3.7,56.8,1.7,49.5,0.3,6.7,78.0,SG,8.0,SAC
Bojan Bogdanovic: 2019,63.0,33.1,20.2,44.7,7.3,41.4,4.1,2.1,2.5,0.5,0.1,6.5,50.8,1.1,27.9,1.0,9.1,80.0,SF,9.0,UTA
Bradley Beal: 2019,57.0,36.0,30.5,45.5,8.4,35.3,4.2,6.1,3.4,1.2,0.4,9.7,55.7,4.8,41.3,0.5,16.1,75.0,SG,5.0,WAS
Brook Lopez: 2019,68.0,26.7,12.0,43.5,4.8,31.4,4.6,1.5,1.0,0.7,2.4,4.5,55.6,0.7,53.3,2.8,1.3,84.0,C,3.0,MIL
Buddy Hield: 2019,72.0,30.8,19.2,42.9,9.6,39.4,4.6,3.0,2.3,0.9,0.2,3.8,52.6,2.9,39.8,0.0,5.3,76.0,SG,1.0,SAC
CJ McCollum: 2019,70.0,36.5,22.2,45.1,7.3,37.9,4.2,4.4,1.8,0.8,0.6,7.6,50.0,4.4,48.9,0.0,10.6,75.0,SG,9.0,POR
Coby White: 2019,65.0,25.8,13.2,39.4,5.8,35.4,3.5,2.7,1.7,0.8,0.1,4.7,44.7,1.7,33.6,0.0,7.0,76.0,PG,6.0,CHI
Collin Sexton: 2019,65.0,33.0,20.8,47.2,3.9,38.0,3.1,3.0,2.4,1.0,0.1,10.3,52.4,2.5,40.7,0.1,13.9,73.0,PG,6.0,CLE
Damian Lillard: 2019,66.0,37.5,30.0,46.3,10.2,40.1,4.3,8.0,2.9,1.1,0.3,8.0,55.0,2.2,44.5,0.1,15.2,74.0,PG,5.0,POR
Danilo Gallinari: 2019,62.0,29.6,18.7,43.8,7.1,40.5,5.2,1.9,1.2,0.7,0.1,3.5,51.4,2.7,43.4,3.2,3.8,82.0,PF,1.0,OKC
Davis Bertans: 2019,54.0,29.3,15.4,43.4,8.7,42.4,4.5,1.7,1.1,0.7,0.6,1.9,52.6,0.7,36.1,0.1,1.9,82.0,PF,1.0,WAS
De'Aaron Fox: 2019,51.0,32.0,21.1,48.0,3.6,29.2,3.8,6.8,3.1,1.5,0.5,10.5,55.2,1.8,44.1,0.1,18.3,75.0,PG,9.0,SAC
De'Andre Hunter: 2019,63.0,32.0,12.3,41.0,4.8,35.5,4.5,1.8,1.6,0.7,0.3,4.4,45.5,1.6,44.7,0.3,6.2,79.0,SF,8.0,ATL
DeAndre Jordan: 2019,56.0,22.0,8.3,66.6,0.0,0.0,10.0,1.9,1.3,0.3,0.9,5.1,66.7,0.1,33.3,0.3,0.1,83.0,C,2.0,BKN
DeMar DeRozan: 2019,68.0,34.1,22.1,53.1,0.5,25.7,5.5,5.6,2.4,1.0,0.3,9.5,58.9,5.4,45.9,1.6,19.8,78.0,SF,7.0,SAS
Deandre Ayton: 2019,38.0,32.5,18.2,54.6,0.3,23.1,11.5,1.9,2.1,0.7,1.5,11.0,60.9,3.7,36.7,6.2,0.5,83.0,C,11.0,PHX
Dejounte Murray: 2019,66.0,25.6,10.9,46.2,1.7,36.9,5.8,4.1,1.9,1.7,0.3,5.1,49.0,2.9,46.3,0.1,8.7,76.0,PG,7.0,SAS
Delon Wright: 2019,73.0,21.5,6.9,46.2,1.7,37.0,3.8,3.3,1.0,1.2,0.3,3.7,51.4,0.2,31.3,0.0,7.0,77.0,PG,10.0,DAL
Derrick Jones Jr: 2019,59.0,23.3,8.5,52.7,2.2,28.0,3.9,1.1,0.5,1.0,0.6,3.6,69.4,0.1,28.6,0.0,1.3,78.0,SF,7.0,MIA
Derrick White: 2019,68.0,24.7,11.3,45.8,3.2,36.6,3.3,3.5,1.3,0.6,0.9,4.0,55.0,0.9,34.4,0.0,7.9,76.0,SG,8.0,SAS
Devin Booker: 2019,70.0,35.9,26.6,48.9,5.7,35.4,4.2,6.5,3.8,0.7,0.3,7.9,60.8,4.7,46.1,1.8,14.3,77.0,SG,5.0,PHX
Devonte' Graham: 2019,63.0,35.1,18.2,38.2,9.3,37.3,3.4,7.5,2.9,1.0,0.2,4.3,41.9,1.7,35.2,0.0,10.6,73.0,PG,6.0,CHA
Domantas Sabonis: 2019,62.0,34.8,18.5,54.0,1.1,25.4,12.4,5.0,2.7,0.8,0.5,10.3,59.2,2.2,44.6,6.1,2.4,83.0,PF,11.0,IND
Draymond Green: 2019,43.0,28.4,8.0,38.9,3.0,27.9,6.2,6.2,2.3,1.4,0.8,3.4,52.9,1.0,28.6,2.8,3.7,78.0,PF,4.0,GSW
Duncan Robinson: 2019,73.0,29.7,13.5,47.0,8.3,44.6,3.2,1.4,1.0,0.5,0.3,0.9,77.8,0.2,26.7,0.0,1.0,79.0,SG,1.0,MIA
Eric Paschall: 2019,60.0,27.6,14.0,49.7,2.2,28.7,4.6,2.1,1.6,0.5,0.2,6.4,59.4,2.1,43.0,2.9,5.7,78.0,PF,8.0,GSW
Fred VanVleet: 2019,54.0,35.7,17.6,41.3,6.9,39.0,3.8,6.6,2.2,1.9,0.3,6.3,46.0,1.1,31.1,0.0,14.3,73.0,SG,9.0,TOR
Furkan Korkmaz: 2019,72.0,21.7,9.8,43.0,4.9,40.2,2.3,1.1,0.8,0.6,0.2,2.1,52.4,0.8,37.7,0.0,2.2,79.0,SG,1.0,PHI
Gordon Hayward: 2019,52.0,33.5,17.5,50.0,4.3,38.3,6.7,4.1,1.8,0.7,0.4,6.4,57.8,2.8,49.3,0.3,9.7,79.0,SF,9.0,BOS
Harrison Barnes: 2019,72.0,34.5,14.5,46.0,3.7,38.1,4.9,2.2,1.2,0.6,0.2,6.4,53.1,0.9,27.4,3.9,6.1,80.0,PF,8.0,SAC
Hassan Whiteside: 2019,67.0,30.0,15.5,62.1,0.1,57.1,13.5,1.2,1.8,0.4,2.9,9.2,64.1,1.2,42.2,2.7,0.5,84.0,C,2.0,POR
JJ Redick: 2019,60.0,26.3,15.3,45.3,6.6,45.3,2.5,2.0,1.3,0.3,0.2,1.6,43.8,2.4,44.8,0.0,2.7,75.0,SG,1.0,NOP
Ja Morant: 2019,67.0,31.0,17.8,47.7,2.7,33.5,3.9,7.3,3.3,0.9,0.3,10.2,52.9,1.1,38.7,0.0,19.4,75.0,PG,4.0,MEM
Jamal Murray: 2019,59.0,32.3,18.5,45.6,5.5,34.6,4.0,4.8,2.2,1.1,0.3,5.8,55.2,3.9,46.3,0.4,9.7,76.0,PG,9.0,DEN
James Harden: 2019,68.0,36.5,34.3,44.4,12.4,35.5,6.6,7.5,4.5,1.8,0.9,9.6,55.2,0.3,50.0,0.8,17.6,77.0,SG,5.0,HOU
Jaren Jackson Jr: 2019,57.0,28.5,17.4,46.9,6.5,39.4,4.6,1.4,1.7,0.7,1.6,6.5,55.4,0.3,31.6,3.0,3.9,83.0,C,3.0,MEM
Jaylen Brown: 2019,57.0,33.9,20.3,48.1,5.9,38.2,6.4,2.1,2.2,1.1,0.4,7.9,57.0,1.8,42.0,1.1,8.5,78.0,SG,9.0,BOS
Jayson Tatum: 2019,66.0,34.3,23.4,45.0,7.1,40.3,7.0,3.0,2.3,1.4,0.9,8.4,51.2,3.1,38.3,1.5,10.8,80.0,PF,9.0,BOS
Jimmy Butler: 2019,58.0,33.8,19.9,45.5,2.1,24.4,6.7,6.0,2.2,1.8,0.6,8.1,55.6,2.9,31.7,3.1,15.5,79.0,SF,9.0,MIA
Josh Hart: 2019,65.0,27.0,10.1,42.3,5.4,34.2,6.5,1.7,1.2,1.0,0.4,2.4,66.7,0.3,15.8,0.1,2.7,77.0,SF,10.0,NOP
Julius Randle: 2019,64.0,32.5,19.5,46.0,3.6,27.7,9.7,3.1,3.0,0.8,0.3,10.0,54.0,2.2,39.4,4.8,8.5,80.0,PF,11.0,NYK
Karl-Anthony Towns: 2019,35.0,33.9,26.5,50.8,7.9,41.2,10.8,4.4,3.1,0.9,1.2,8.6,62.8,1.3,28.9,7.9,4.1,83.0,C,11.0,MIN
Kelly Oubre Jr: 2019,56.0,34.5,18.7,45.2,5.5,35.2,6.4,1.5,1.5,1.3,0.7,7.9,53.2,1.4,42.1,0.1,6.1,79.0,SF,8.0,PHX
Kendrick Nunn: 2019,67.0,29.3,15.3,43.9,5.8,35.0,2.7,3.3,1.7,0.8,0.2,5.2,51.9,2.6,46.6,0.1,7.4,74.0,PG,6.0,MIA
Kevin Huerter: 2019,56.0,31.4,12.2,41.3,6.0,38.0,4.1,3.8,1.6,0.9,0.5,3.6,50.0,1.3,33.3,0.0,5.7,79.0,SG,8.0,ATL
Kevin Love: 2019,56.0,31.8,17.6,45.0,7.0,37.4,9.8,3.2,2.5,0.6,0.3,3.3,54.5,2.7,52.0,6.8,1.3,80.0,PF,3.0,CLE
Khris Middleton: 2019,62.0,29.9,20.9,49.7,5.7,41.5,6.2,4.3,2.2,0.9,0.1,4.7,57.4,4.8,52.7,2.2,5.5,79.0,SF,9.0,MIL
Kristaps Porzingis: 2019,57.0,31.8,20.4,42.7,7.1,35.2,9.5,1.8,1.6,0.7,2.0,5.9,54.2,3.4,38.1,3.4,3.7,87.0,C,3.0,DAL
Lauri Markkanen: 2019,50.0,29.8,14.7,42.5,6.3,34.4,6.3,1.5,1.6,0.8,0.5,5.0,54.0,0.4,28.6,1.0,4.1,84.0,PF,3.0,CHI
LeBron James: 2019,67.0,34.6,25.3,49.3,6.3,34.8,7.8,10.2,3.9,1.2,0.5,10.2,62.7,3.0,34.3,3.9,14.1,81.0,PG,5.0,LAL
Lonzo Ball: 2019,63.0,32.1,11.8,40.3,6.3,37.5,6.1,7.0,3.1,1.4,0.6,3.4,50.0,1.2,27.6,0.2,5.8,78.0,PG,4.0,NOP
Luka Doncic: 2019,61.0,33.6,28.8,46.3,8.9,31.6,9.4,8.8,4.3,1.0,0.2,10.8,59.3,0.9,35.1,1.2,20.7,79.0,PG,5.0,DAL
Marcus Smart: 2019,60.0,32.0,12.9,37.5,6.6,34.7,3.8,4.9,1.7,1.7,0.5,3.8,47.4,1.0,28.1,0.9,6.2,75.0,SG,8.0,BOS
Mike Conley: 2019,47.0,29.0,14.4,40.9,5.4,37.5,3.2,4.4,2.0,0.8,0.1,5.2,44.2,1.4,43.9,0.0,12.7,73.0,PG,8.0,UTA
Myles Turner: 2019,62.0,29.4,12.1,45.7,4.0,34.4,6.6,1.2,1.4,0.7,2.1,3.7,59.5,1.7,39.6,2.2,1.2,83.0,C,3.0,IND
Pascal Siakam: 2019,60.0,35.2,22.9,45.3,6.1,35.9,7.3,3.5,2.5,1.0,0.9,9.8,54.1,2.6,31.4,3.9,10.0,81.0,PF,9.0,TOR
RJ Barrett: 2019,56.0,30.4,14.3,40.2,3.5,32.0,5.0,2.6,2.2,1.0,0.3,8.0,46.3,1.5,27.1,0.8,9.8,78.0,SG,6.0,NYK
Ricky Rubio: 2019,65.0,31.0,13.0,41.5,3.3,36.1,4.7,8.8,2.7,1.4,0.2,4.5,44.4,2.9,42.1,0.1,12.4,75.0,PG,4.0,PHX
Rudy Gay: 2019,67.0,21.8,10.8,44.6,3.3,33.6,5.4,1.7,1.3,0.5,0.5,3.3,54.5,2.3,47.1,1.6,3.4,80.0,PF,10.0,SAS
Rudy Gobert: 2019,68.0,34.3,15.1,69.3,0.0,0.0,13.5,1.5,1.9,0.8,2.0,8.2,68.3,0.0,0.0,0.7,0.5,85.0,C,2.0,UTA
Russell Westbrook: 2019,57.0,36.0,27.2,47.2,3.7,25.8,7.9,7.0,4.5,1.6,0.4,13.5,55.6,5.2,40.7,1.1,20.8,75.0,PG,5.0,HOU
Serge Ibaka: 2019,55.0,27.0,15.4,51.2,3.3,38.5,8.2,1.4,2.0,0.5,0.8,6.6,60.6,2.3,42.9,1.6,1.4,84.0,C,3.0,TOR
Seth Curry: 2019,64.0,24.6,12.4,49.5,5.0,45.2,2.3,1.9,1.0,0.6,0.1,2.3,52.2,1.7,54.6,0.0,4.2,74.0,SG,1.0,DAL
Shai Gilgeous-Alexander: 2019,70.0,34.7,19.0,47.1,3.6,34.7,5.9,3.3,1.9,1.1,0.7,8.9,51.7,2.0,47.8,0.0,16.4,77.0,SG,9.0,OKC
Steven Adams: 2019,63.0,26.7,10.9,59.2,0.0,33.3,9.3,2.3,1.5,0.8,1.1,7.3,61.6,0.2,21.4,3.9,0.7,83.0,C,2.0,OKC
Thomas Bryant: 2019,46.0,24.9,13.2,58.1,2.0,40.7,7.2,1.8,1.2,0.5,1.1,5.1,70.6,2.0,44.7,1.0,0.7,82.0,C,3.0,WAS
Tobias Harris: 2019,72.0,34.3,19.6,47.1,5.0,36.7,6.9,3.2,1.4,0.7,0.6,8.2,58.5,3.1,34.7,2.5,8.4,80.0,PF,9.0,PHI
Trae Young: 2019,60.0,35.3,29.6,43.7,9.5,36.1,4.3,9.3,4.8,1.1,0.1,9.5,51.6,1.8,44.0,0.0,19.8,73.0,PG,5.0,ATL
Tyler Herro: 2019,55.0,27.4,13.5,42.8,5.4,38.9,4.1,2.2,1.6,0.6,0.2,3.0,53.3,3.0,39.4,0.1,5.7,77.0,SG,8.0,MIA
Anthony Davis: 2020,23.0,32.8,22.5,53.3,2.5,29.3,8.4,3.0,2.0,1.3,1.8,9.3,67.7,4.9,37.5,8.5,2.8,82.0,PF,11.0,LAL
Anthony Edwards: 2020,44.0,30.3,16.9,38.6,6.8,31.5,4.3,2.6,2.0,1.0,0.4,7.6,47.4,1.8,25.0,0.2,9.7,76.0,SG,6.0,MIN
Bam Adebayo: 2020,38.0,33.7,19.2,55.7,0.2,28.6,9.5,5.4,2.8,0.9,1.1,9.7,60.8,2.9,41.3,5.6,3.6,81.0,C,11.0,MIA
Ben Simmons: 2020,36.0,34.1,16.1,56.3,0.2,37.5,8.0,7.6,3.5,1.5,0.7,10.7,57.9,0.3,25.0,2.9,12.0,83.0,PG,4.0,PHI
Bradley Beal: 2020,39.0,35.7,31.8,48.8,6.5,33.3,5.1,4.6,3.3,1.3,0.4,10.2,57.8,6.1,49.6,0.4,15.0,75.0,SG,5.0,WAS
Buddy Hield: 2020,44.0,35.1,16.8,39.3,10.5,38.2,4.6,3.3,1.8,0.8,0.3,2.6,46.2,1.4,36.7,0.0,4.6,76.0,SG,1.0,SAC
CJ McCollum: 2020,18.0,32.0,23.8,43.9,10.3,42.5,3.8,4.3,1.1,1.1,0.3,5.3,45.3,3.5,46.0,0.0,7.3,75.0,SG,9.0,POR
Carmelo Anthony: 2020,42.0,25.7,14.0,41.9,4.6,38.7,3.3,1.7,1.0,0.8,0.7,2.3,39.1,4.9,44.9,4.0,1.3,79.0,PF,6.0,POR
Chuma Okeke: 2020,28.0,21.7,4.9,39.4,2.4,38.2,3.5,1.8,0.6,0.8,0.4,1.1,36.4,1.0,42.9,0.5,1.5,78.0,PF,10.0,ORL
Cole Anthony: 2020,25.0,26.7,11.0,37.5,3.3,32.5,4.4,3.8,2.0,0.7,0.4,5.6,39.3,1.8,44.4,0.0,9.2,74.0,PG,6.0,ORL
D'Angelo Russell: 2020,20.0,29.2,19.3,42.6,7.4,39.9,2.6,5.1,2.7,1.1,0.5,4.8,52.1,4.1,39.0,0.4,7.3,76.0,PG,9.0,MIN
Derrick White: 2020,17.0,26.6,12.8,38.7,5.6,32.6,2.5,3.4,1.5,0.6,1.1,4.4,47.7,0.9,37.5,0.1,8.6,76.0,SG,6.0,SAS
Dillon Brooks: 2020,38.0,29.2,16.0,39.5,5.7,31.9,3.0,2.6,2.0,1.3,0.4,6.9,44.9,2.6,43.9,0.1,8.3,79.0,SF,6.0,MEM
Donovan Mitchell: 2020,41.0,33.9,25.4,43.0,8.7,38.4,4.6,5.5,3.0,1.0,0.3,8.5,48.2,3.0,41.8,0.0,15.7,73.0,SG,5.0,UTA
Donte DiVincenzo: 2020,43.0,27.2,10.7,42.7,5.0,38.7,5.5,3.0,1.3,1.1,0.2,3.8,44.7,0.6,48.0,0.0,4.3,76.0,SG,8.0,MIL
Duncan Robinson: 2020,44.0,33.0,12.5,41.6,8.5,38.2,3.8,1.7,1.2,0.6,0.2,1.2,75.0,0.3,9.1,0.1,1.9,79.0,SF,1.0,MIA
Ja Morant: 2020,33.0,31.5,19.1,43.7,3.6,22.9,3.4,7.5,2.9,0.9,0.2,11.3,51.3,1.0,37.5,0.5,19.3,75.0,PG,7.0,MEM
Jae Crowder: 2020,40.0,27.7,10.3,41.1,6.3,39.0,5.0,2.0,0.9,0.9,0.3,1.3,53.8,1.0,34.2,0.2,1.1,78.0,PF,1.0,PHX
Jerami Grant: 2020,40.0,35.6,23.4,42.9,6.7,35.3,5.1,2.8,2.1,0.8,1.1,7.8,52.6,3.5,36.2,1.2,11.3,80.0,SF,9.0,DET
Joe Harris: 2020,45.0,30.7,14.4,51.4,6.8,48.5,3.4,1.7,0.8,0.6,0.2,2.6,61.5,0.8,43.2,0.0,3.3,78.0,SF,1.0,BKN
Joe Ingles: 2020,39.0,26.8,12.1,53.8,5.5,49.1,3.7,4.2,1.5,0.6,0.2,2.1,71.4,0.1,0.0,0.1,7.5,80.0,SF,1.0,UTA
Joel Embiid: 2020,31.0,32.6,29.9,52.5,2.9,42.2,11.5,3.3,3.2,1.2,1.4,9.4,57.4,5.7,50.8,13.4,3.7,84.0,C,11.0,PHI
John Collins: 2020,44.0,30.6,18.1,54.1,3.4,37.2,7.8,1.3,1.3,0.5,1.1,7.9,62.0,1.8,52.6,3.0,2.0,81.0,PF,3.0,ATL
John Wall: 2020,29.0,31.8,21.0,41.4,6.1,32.8,3.4,6.3,3.3,0.9,0.7,8.4,52.4,3.5,30.7,0.1,16.4,75.0,PG,4.0,HOU
Julius Randle: 2020,44.0,37.1,23.3,47.2,4.7,42.8,10.9,5.9,3.3,0.9,0.2,8.0,53.8,4.9,42.3,5.6,10.7,80.0,PF,11.0,NYK
Keldon Johnson: 2020,38.0,29.1,13.7,47.2,2.8,33.0,6.4,2.0,1.2,0.6,0.6,7.5,52.0,0.7,42.3,0.1,7.3,77.0,SF,7.0,SAS
Kevin Huerter: 2020,44.0,31.5,11.8,42.1,5.8,36.8,3.6,3.5,1.3,1.3,0.3,3.7,48.6,1.2,47.1,0.0,4.9,79.0,SG,1.0,ATL
Kristaps Porzingis: 2020,27.0,30.3,20.0,48.0,6.1,36.7,8.6,1.4,1.3,0.4,1.6,6.6,60.6,2.9,41.8,5.7,1.9,87.0,C,3.0,DAL
Lauri Markkanen: 2020,23.0,30.0,17.7,48.2,7.1,39.0,5.9,1.0,1.3,0.6,0.5,5.7,63.2,0.3,0.0,0.8,3.8,84.0,PF,3.0,CHI
Luguentz Dort: 2020,40.0,29.7,12.6,38.5,6.0,32.5,3.5,1.6,1.4,0.9,0.4,5.1,45.1,0.2,50.0,0.1,8.6,75.0,SG,6.0,OKC
Luka Doncic: 2020,39.0,35.2,28.6,48.2,8.0,36.7,8.3,9.1,4.3,1.0,0.6,10.1,57.4,2.8,47.7,1.1,22.1,79.0,PG,5.0,DAL
Malik Beasley: 2020,33.0,33.1,20.5,45.5,8.7,40.6,4.6,2.5,1.6,0.8,0.2,6.2,53.2,1.8,45.8,0.0,5.9,76.0,SG,1.0,MIN
Michael Porter Jr: 2020,34.0,29.4,16.0,52.6,5.6,42.9,7.4,0.9,1.1,0.7,0.9,4.5,66.7,1.4,46.9,0.6,1.6,82.0,SF,8.0,DEN
Mikal Bridges: 2020,43.0,32.4,13.5,52.5,4.4,41.4,4.8,2.4,0.8,0.8,0.9,4.4,65.9,0.5,39.1,0.0,3.8,78.0,SF,7.0,PHX
Nikola Jokic: 2020,44.0,35.7,27.0,57.1,3.6,42.1,11.3,8.5,3.1,1.6,0.6,11.4,63.2,3.5,53.9,9.5,4.2,83.0,C,11.0,DEN
Nikola Vucevic: 2020,44.0,34.1,24.5,48.0,6.5,40.6,11.8,3.8,1.9,1.0,0.6,8.5,55.3,5.6,46.0,11.1,3.5,83.0,C,11.0,CHI
Patty Mills: 2020,40.0,25.6,13.1,44.3,6.9,39.5,1.8,2.6,1.1,0.7,0.0,2.1,57.1,1.3,50.9,0.0,3.8,73.0,PG,1.0,SAS
Stephen Curry: 2020,39.0,33.7,29.0,47.5,11.4,40.8,5.3,6.2,3.1,1.4,0.1,6.5,60.0,2.3,46.6,0.2,10.2,75.0,PG,5.0,GSW
Victor Oladipo: 2020,29.0,33.4,20.8,41.1,7.7,33.3,5.0,4.7,2.4,1.3,0.4,8.2,51.2,2.6,29.7,0.0,12.9,76.0,SG,6.0,MIA
Zion Williamson: 2020,41.0,32.7,25.7,62.1,0.5,35.0,7.0,3.4,2.5,0.9,0.7,15.2,63.2,0.2,25.0,5.1,11.2,79.0,PF,11.0,NOP
