Player,GP,MIN,PTS,FGA,FG%,3PA,3P%,REB,AST,TO,STL,BLK,Close FGA,Close FG%,Mid FGA,Mid FG%,Post_Ups,Drives,CS_3PA,CS_3P%,PP100Pos,AST %,REB %,USG %,Height,Pos,Class
Aaron Gordon: 2015,78.0,23.9,9.2,7.4,47.3,1.8,29.6,6.5,1.6,0.8,0.8,0.7,4.3,60.5,1.3,31.7,0.6,2.2,1.7,30.5,18.9,10.3,13.3,16.9,81,PF,7.0
Al Horford: 2015,82.0,32.1,15.2,12.8,50.5,3.1,34.4,7.3,3.2,1.3,0.8,1.5,5.6,64.3,4.1,44.4,3.8,2.1,3.0,35.1,22.9,16.5,10.9,20.2,82,C,3.0
Al Jefferson: 2015,47.0,23.3,12.0,10.7,48.5,0.0,0.0,6.4,1.5,0.7,0.6,0.9,6.8,51.5,4.0,43.9,11.3,0.0,0.0,0.0,25.3,11.4,13.3,24.0,82,C,2.0
Allen Crabbe: 2015,81.0,26.0,10.3,8.4,45.9,3.5,39.3,2.7,1.2,0.8,0.8,0.2,1.7,58.8,3.1,44.8,0.1,1.8,3.2,41.1,19.2,7.2,4.9,15.9,78,SG,1.0
Andre Drummond: 2015,81.0,32.9,16.2,13.1,52.1,0.1,33.3,14.8,0.8,1.9,1.5,1.4,12.2,54.1,0.8,25.0,6.0,0.9,0.0,0.0,24.6,4.2,21.7,23.9,83,C,2.0
Andrew Bogut: 2015,70.0,20.7,5.4,4.0,62.7,0.0,100.0,7.0,2.3,1.2,0.5,1.6,3.8,65.8,0.1,30.0,2.5,0.1,0.0,0.0,12.4,14.5,16.3,11.5,84,C,2.0
Andrew Wiggins: 2015,81.0,35.1,20.7,16.0,45.9,2.3,30.0,3.6,2.0,2.2,1.0,0.6,8.1,59.3,5.6,34.1,3.9,7.5,1.6,33.8,29.1,9.8,5.3,26.7,80,SF,6.0
Blake Griffin: 2015,35.0,33.4,21.4,17.2,49.9,0.5,33.3,8.4,4.9,2.4,0.8,0.5,7.8,64.1,9.0,38.1,6.9,3.5,0.3,40.0,31.3,25.8,12.2,28.9,82,PF,7.0
Bojan Bogdanovic: 2015,79.0,26.8,11.2,9.5,43.3,4.3,38.2,3.2,1.3,1.5,0.4,0.1,3.8,50.0,1.4,40.0,1.0,3.6,3.6,39.2,20.7,7.3,6.1,19.0,80,SF,1.0
Bradley Beal: 2015,55.0,31.1,17.4,14.5,44.9,4.9,38.7,3.4,2.9,2.0,1.0,0.2,5.6,55.4,4.1,36.3,0.5,7.4,3.3,38.7,26.8,15.3,5.5,24.5,77,SG,9.0
CJ McCollum: 2015,80.0,34.7,20.8,17.9,44.8,5.9,41.7,3.2,4.3,2.5,1.2,0.3,6.2,48.4,5.8,44.6,0.1,11.3,3.7,43.6,29.3,21.1,4.5,26.6,76,SG,9.0
CJ Miles: 2015,64.0,22.9,11.8,9.9,40.9,6.0,36.7,2.7,1.0,1.1,0.8,0.5,2.6,50.0,1.3,41.9,0.1,2.2,4.9,38.3,24.5,6.9,5.8,22.1,78,SF,1.0
Chris Bosh: 2015,53.0,33.5,19.1,14.5,46.7,4.2,36.5,7.4,2.4,1.5,0.7,0.6,4.9,57.1,5.4,45.1,2.9,4.4,4.0,36.8,28.8,12.9,11.1,24.7,83,PF,3.0
Chris Paul: 2015,74.0,32.7,19.5,15.1,46.2,4.4,37.1,4.2,10.0,2.6,2.1,0.2,4.4,56.8,6.2,45.7,1.4,11.0,1.2,43.7,29.3,49.3,6.3,26.5,72,PG,4.0
D'Angelo Russell: 2015,80.0,28.2,13.2,12.0,41.0,4.6,35.1,3.4,3.3,2.5,1.2,0.2,4.4,50.0,3.0,35.9,0.6,5.4,2.8,36.3,23.1,21.3,5.8,23.8,77,PG,8.0
DeAndre Jordan: 2015,77.0,33.7,12.7,6.6,70.3,0.0,0.0,13.8,1.2,1.4,0.7,2.3,6.5,70.8,0.0,33.3,1.6,0.2,0.0,0.0,18.7,5.1,19.9,15.5,83,C,2.0
DeMar DeRozan: 2015,78.0,35.9,23.5,17.7,44.6,1.8,33.8,4.5,4.0,2.2,1.0,0.3,8.7,51.7,7.1,38.0,2.0,16.8,1.2,42.9,33.2,20.8,6.3,29.1,79,SG,7.0
DeMarcus Cousins: 2015,65.0,34.6,26.9,20.5,45.1,3.2,33.3,11.5,3.3,3.8,1.6,1.4,13.2,50.8,4.1,35.5,9.3,9.3,2.8,34.1,36.6,16.7,16.2,35.1,83,C,11.0
DeMarre Carroll: 2015,26.0,30.2,11.0,10.4,38.9,4.5,39.0,4.7,1.0,1.1,1.7,0.2,4.5,44.4,1.4,19.4,0.1,3.5,4.1,39.6,18.2,5.6,7.6,17.6,80,SF,1.0
Ish Smith: 2015,77.0,29.1,12.6,12.6,41.1,2.2,32.9,4.0,6.5,2.3,1.1,0.3,6.9,46.4,3.4,35.1,0.1,15.4,1.0,35.4,21.0,37.0,6.5,23.5,72,PG,4.0
JJ Redick: 2015,75.0,28.0,16.3,11.7,48.0,5.6,47.5,1.9,1.4,1.0,0.6,0.1,1.8,50.0,4.3,47.7,0.0,2.8,4.4,50.2,28.6,8.0,3.2,22.0,76,SG,1.0
JR Smith: 2015,77.0,30.7,12.4,11.0,41.5,6.6,40.0,2.8,1.7,0.8,1.1,0.3,2.2,50.0,2.2,37.8,0.1,2.7,5.2,43.4,20.5,8.2,4.7,17.7,78,SG,1.0
James Harden: 2015,82.0,38.1,29.0,19.7,43.9,8.0,35.9,6.1,7.5,4.6,1.7,0.6,7.9,53.2,3.9,40.5,1.9,14.5,3.1,41.4,36.9,35.4,7.9,31.9,77,SG,5.0
Jeff Teague: 2015,79.0,28.5,15.7,12.5,43.9,3.5,40.1,2.7,5.9,2.8,1.2,0.3,7.1,49.3,1.9,32.5,0.3,15.1,1.4,47.4,26.5,34.1,4.5,25.9,74,PG,4.0
John Wall: 2015,77.0,36.2,19.9,17.5,42.4,4.3,35.1,4.9,10.2,4.1,1.9,0.8,6.5,53.8,6.8,36.2,0.1,12.5,2.5,38.4,26.6,44.9,6.8,28.0,76,PG,4.0
Kevin Durant: 2015,72.0,35.8,28.2,19.2,50.5,6.7,38.7,8.2,5.0,3.5,1.0,1.2,7.0,62.9,5.5,49.5,2.7,8.2,3.8,40.4,37.9,23.0,11.0,29.8,81,SF,5.0
Kevin Love: 2015,77.0,31.5,16.0,12.7,41.9,5.7,36.0,9.9,2.4,1.8,0.8,0.5,4.7,48.9,2.4,42.5,6.1,1.7,5.3,36.9,26.0,11.9,16.2,23.3,82,PF,3.0
Klay Thompson: 2015,80.0,33.3,22.1,17.3,47.0,8.1,42.5,3.8,2.1,1.7,0.8,0.6,5.5,56.4,3.8,42.3,1.5,5.1,6.9,44.1,31.4,9.4,5.5,26.0,79,SG,1.0
Kristaps Porzingis: 2015,72.0,28.4,14.3,12.3,42.1,3.4,33.3,7.3,1.3,1.7,0.7,1.9,5.1,47.1,3.9,43.9,4.1,2.0,3.2,34.1,25.4,7.6,12.4,24.3,87,PF,3.0
Kyle Korver: 2015,80.0,30.0,9.2,7.7,43.4,5.0,39.8,3.3,2.1,1.2,0.8,0.4,0.6,66.7,2.1,49.1,0.0,0.7,4.2,41.1,14.8,9.5,5.3,13.2,79,SG,1.0
Kyle Lowry: 2015,77.0,37.0,21.2,15.6,42.7,7.1,38.8,4.7,6.4,2.9,2.1,0.4,5.8,50.0,2.7,37.6,0.3,12.7,3.6,45.3,29.3,29.3,6.6,25.6,72,PG,5.0
LaMarcus Aldridge: 2015,74.0,30.6,18.0,14.1,51.3,0.2,0.0,8.5,1.5,1.3,0.5,1.1,6.8,61.8,7.1,43.6,8.0,1.2,0.2,0.0,30.0,8.1,14.4,25.8,83,PF,2.0
Larry Nance Jr: 2015,63.0,20.1,5.5,4.8,52.7,0.2,10.0,5.0,0.7,0.7,0.9,0.4,2.9,65.5,1.6,38.8,0.4,0.7,0.1,12.5,13.7,5.5,12.0,12.4,81,PF,10.0
Lavoy Allen: 2015,79.0,20.2,5.4,4.7,51.6,0.0,0.0,5.4,1.0,0.9,0.3,0.5,3.1,58.1,1.6,35.5,2.2,0.2,0.0,0.0,13.4,7.0,13.0,12.8,81,PF,10.0
LeBron James: 2015,76.0,35.6,25.3,18.6,52.0,3.7,30.9,7.4,6.8,3.3,1.4,0.6,10.8,64.8,4.1,37.5,4.4,11.1,1.3,33.3,35.9,33.9,10.6,30.5,80,SF,5.0
Matthew Dellavedova: 2015,76.0,24.6,7.5,6.7,40.5,3.1,41.0,2.1,4.4,1.5,0.6,0.1,2.4,41.7,1.2,38.2,0.1,5.5,2.2,45.7,15.4,26.5,4.3,15.5,76,PG,10.0
Nikola Jokic: 2015,80.0,21.7,10.0,7.5,51.2,1.1,33.3,7.0,2.4,1.3,1.0,0.6,5.4,57.4,1.1,39.3,3.3,0.6,0.9,36.8,22.8,17.6,15.9,19.4,82,C,8.0
Nikola Vucevic: 2015,65.0,31.3,18.2,16.1,51.0,0.1,22.2,8.9,2.8,1.9,0.8,1.1,8.4,56.0,7.6,46.0,10.6,2.6,0.1,25.0,28.8,15.4,14.2,26.5,84,C,2.0
PJ Tucker: 2015,82.0,31.0,8.0,7.1,41.1,2.5,33.0,6.2,2.2,1.4,1.3,0.2,3.8,47.4,0.7,33.3,1.2,2.5,2.2,36.7,12.4,10.4,9.8,12.5,78,SF,10.0
Ricky Rubio: 2015,76.0,30.6,10.1,7.7,37.4,2.5,32.6,4.3,8.7,2.5,2.1,0.1,2.1,42.9,3.2,35.4,0.1,8.7,2.2,33.5,16.3,40.2,7.2,17.3,76,PG,4.0
Russell Westbrook: 2015,80.0,34.4,23.5,18.1,45.4,4.3,29.6,7.8,10.4,4.3,2.0,0.3,9.6,54.2,4.2,42.9,1.4,16.1,1.2,33.3,33.2,46.8,10.9,31.1,75,PG,5.0
Stephen Curry: 2015,79.0,34.2,30.1,20.2,50.4,11.2,45.4,5.4,6.7,3.3,2.1,0.2,6.5,61.5,2.5,42.5,0.3,8.0,4.7,47.7,41.1,31.5,7.6,31.4,75,PG,5.0
Steven Adams: 2015,80.0,25.2,8.0,5.3,61.3,0.0,0.0,6.7,0.8,1.1,0.5,1.1,5.1,62.7,0.2,42.9,0.9,0.2,0.0,0.0,15.5,4.2,12.6,12.5,84,C,2.0
Taj Gibson: 2015,73.0,26.5,8.6,6.8,52.6,0.0,0.0,6.9,1.5,1.1,0.6,1.1,5.1,56.9,1.7,38.9,3.9,0.4,0.0,0.0,16.2,8.3,12.2,14.4,81,PF,2.0
Tony Parker: 2015,72.0,27.5,11.9,9.9,49.3,0.9,41.5,2.4,5.3,1.8,0.8,0.2,5.0,56.0,3.9,42.5,0.1,12.3,0.8,37.9,22.0,29.4,4.6,21.1,74,PG,8.0
Tristan Thompson: 2015,82.0,27.7,7.8,5.1,58.8,0.0,0.0,9.0,0.8,0.7,0.5,0.6,4.9,61.2,0.2,29.4,0.5,0.4,0.0,0.0,14.4,4.0,16.2,11.4,81,PF,2.0
Tyson Chandler: 2015,66.0,24.5,7.2,4.8,58.3,0.0,0.0,8.7,1.0,1.4,0.5,0.7,4.3,62.8,0.5,12.9,0.9,0.2,0.0,0.0,14.2,6.4,17.4,12.6,85,C,2.0
Wesley Johnson: 2015,80.0,20.8,6.9,6.4,40.4,3.9,33.3,3.1,0.6,0.7,1.1,0.7,1.1,63.6,1.5,38.8,0.2,0.3,3.6,34.0,15.8,4.5,7.2,15.3,79,SF,10.0
Wesley Matthews: 2015,78.0,33.9,12.5,10.9,38.8,6.7,36.0,3.1,1.9,1.0,1.0,0.2,2.3,47.8,1.9,41.1,2.4,3.5,5.0,39.6,18.6,8.8,4.5,17.1,77,SF,1.0
Andre Roberson: 2016,79.0,30.1,6.6,5.9,46.4,2.3,24.5,5.1,1.0,0.6,1.2,1.0,3.4,64.7,0.1,28.6,0.1,1.2,2.2,25.0,10.6,4.5,8.1,9.9,79,SF,10.0
Andrew Bogut: 2016,27.0,21.6,2.9,3.0,46.9,0.0,0.0,8.1,1.8,1.6,0.5,0.9,2.9,48.3,0.1,66.7,1.3,0.3,0.0,0.0,7.0,13.3,18.9,10.4,84,C,2.0
Bojan Bogdanovic: 2016,81.0,25.7,13.7,10.4,44.5,4.8,36.7,3.4,1.4,1.6,0.4,0.1,4.3,55.8,1.4,36.4,0.4,5.2,3.7,38.7,25.1,8.6,6.5,21.9,80,SF,1.0
Bradley Beal: 2016,77.0,34.9,23.1,17.2,48.2,7.2,40.4,3.1,3.5,2.0,1.1,0.3,6.4,56.3,3.7,47.9,0.4,8.5,5.0,42.1,32.1,15.4,4.5,25.8,77,SG,9.0
Brandon Rush: 2016,47.0,21.9,4.2,4.0,37.4,2.4,38.6,2.1,1.0,0.6,0.5,0.5,0.9,33.3,0.7,32.3,0.0,1.1,2.4,39.6,9.6,5.8,5.0,9.7,78,SG,10.0
Brook Lopez: 2016,75.0,29.6,20.5,15.6,47.4,5.2,34.6,5.4,2.3,2.5,0.5,1.7,8.7,56.3,1.8,40.7,9.8,3.3,4.8,34.3,32.2,14.3,8.5,28.6,84,C,3.0
CJ McCollum: 2016,80.0,34.9,23.0,18.0,48.0,5.5,42.1,3.6,3.6,2.2,0.9,0.5,6.5,53.8,6.0,47.7,0.2,10.1,3.5,42.1,31.9,17.5,5.1,26.8,75,SG,9.0
Carmelo Anthony: 2016,74.0,34.3,22.4,18.8,43.3,5.7,35.9,5.9,2.9,2.1,0.8,0.5,4.1,48.8,9.0,45.4,6.3,2.3,3.6,42.3,32.3,14.1,8.2,28.6,80,SF,6.0
Chris Paul: 2016,61.0,31.5,18.1,12.9,47.6,5.0,41.1,5.0,9.2,2.4,2.0,0.1,2.6,57.7,5.3,50.9,1.6,9.7,1.3,49.4,28.4,44.4,8.0,23.9,72,PG,4.0
Damian Lillard: 2016,75.0,35.9,27.0,19.8,44.4,7.7,37.0,4.9,5.9,2.6,0.9,0.3,8.3,51.8,3.9,43.1,0.0,13.8,2.7,41.7,36.7,27.7,6.7,30.4,75,PG,5.0
DeAndre Jordan: 2016,81.0,31.7,12.7,7.1,71.4,0.0,0.0,13.8,1.2,1.4,0.6,1.7,7.1,71.8,0.0,0.0,2.1,0.1,0.0,0.0,19.8,5.4,21.7,15.2,83,C,2.0
DeMar DeRozan: 2016,74.0,35.4,27.3,20.9,46.7,1.7,26.6,5.2,3.9,2.4,1.1,0.2,9.1,56.0,10.1,41.2,2.0,15.3,1.1,31.7,38.3,20.4,7.4,33.7,79,SG,7.0
Devin Booker: 2016,78.0,35.0,22.1,18.3,42.3,5.2,36.3,3.2,3.4,3.1,0.9,0.3,6.6,51.5,6.6,38.7,2.2,8.6,3.3,36.9,29.8,16.0,4.4,28.0,78,SG,9.0
Dirk Nowitzki: 2016,54.0,26.4,14.2,12.6,43.7,3.9,37.8,6.5,1.5,0.9,0.6,0.7,2.0,55.0,6.7,44.3,3.4,0.2,3.6,38.9,26.5,9.9,12.6,24.6,84,PF,3.0
Domantas Sabonis: 2016,81.0,20.1,5.9,5.9,39.9,2.0,32.1,3.6,1.0,1.0,0.5,0.4,3.0,43.3,1.0,40.7,1.7,1.5,1.9,32.9,14.4,7.3,8.6,15.6,83,PF,10.0
Draymond Green: 2016,76.0,32.5,10.2,8.6,41.8,3.5,30.8,7.9,7.0,2.4,2.0,1.4,4.6,52.2,0.4,20.6,3.7,2.3,3.3,32.0,14.7,27.2,11.7,15.9,79,PF,4.0
Enes Kanter: 2016,72.0,21.3,14.3,10.2,54.5,0.5,13.2,6.7,0.9,1.7,0.4,0.5,8.0,61.3,1.6,38.5,7.7,0.7,0.5,13.5,32.8,7.8,15.6,27.1,83,C,1.0
Gordon Hayward: 2016,73.0,34.5,21.9,15.8,47.1,5.1,39.8,5.4,3.5,1.9,1.0,0.3,6.2,61.3,4.4,38.4,1.0,9.2,3.4,39.1,33.0,17.9,8.1,26.9,80,SF,9.0
Jahlil Okafor: 2016,50.0,22.7,11.8,9.4,51.4,0.0,0.0,4.8,1.2,1.8,0.4,1.0,8.1,54.3,1.5,32.4,6.7,3.2,0.0,0.0,25.5,9.7,10.4,24.4,83,C,10.0
Jeff Teague: 2016,82.0,32.4,15.3,11.1,44.2,3.1,35.7,4.0,7.8,2.6,1.2,0.4,6.3,47.6,1.7,45.4,0.2,13.6,1.5,38.9,23.1,35.9,6.3,21.9,74,PG,4.0
Jeremy Lin: 2016,36.0,24.5,14.5,11.1,43.8,4.3,37.2,3.8,5.1,2.4,1.2,0.4,4.6,50.0,2.2,43.0,0.7,12.0,2.1,39.0,26.8,33.8,7.1,25.5,75,PG,8.0
John Wall: 2016,78.0,36.4,23.1,18.4,45.1,3.5,32.7,4.2,10.7,4.1,2.0,0.6,9.2,54.3,5.7,38.7,0.2,16.9,1.7,35.9,30.7,45.0,5.8,29.9,76,PG,4.0
Karl-Anthony Towns: 2016,82.0,37.0,25.1,18.0,54.2,3.4,36.7,12.3,2.7,2.6,0.7,1.3,11.3,62.8,3.5,43.7,11.0,3.5,3.0,38.7,34.1,12.7,17.3,27.1,84,C,11.0
Kevin Durant: 2016,62.0,33.4,25.1,16.5,53.7,5.0,37.5,8.3,4.8,2.2,1.1,1.6,7.4,67.6,4.2,47.3,3.7,5.5,3.4,43.1,35.0,21.8,12.2,27.1,81,PF,5.0
Klay Thompson: 2016,78.0,34.0,22.3,17.6,46.8,8.3,41.4,3.7,2.1,1.6,0.8,0.5,4.6,58.7,4.8,44.8,0.9,4.8,7.2,43.9,31.2,9.0,5.3,25.8,79,SG,1.0
Kyle Korver: 2016,67.0,26.2,10.1,7.7,46.4,5.4,45.1,2.8,1.6,1.0,0.5,0.3,0.5,60.0,1.8,46.7,0.1,0.6,4.4,46.4,18.6,9.3,5.3,14.7,79,SG,1.0
Kyle Lowry: 2016,60.0,37.4,22.4,15.3,46.4,7.8,41.2,4.8,7.0,2.9,1.5,0.3,5.8,55.2,1.7,42.2,0.3,12.9,3.2,40.9,30.1,29.3,6.5,24.3,72,PG,4.0
Kyrie Irving: 2016,72.0,35.1,25.2,19.7,47.3,6.1,40.1,3.2,5.8,2.5,1.2,0.3,7.9,51.9,5.7,47.6,0.9,11.9,2.4,46.8,35.4,27.8,4.5,29.5,75,PG,5.0
LeBron James: 2016,74.0,37.8,26.4,18.2,54.8,4.6,36.3,8.6,8.7,4.1,1.2,0.6,9.9,69.7,3.6,36.2,3.9,11.3,1.6,39.3,34.6,38.8,11.4,29.2,80,SF,5.0
Marcin Gortat: 2016,82.0,31.2,10.8,8.2,57.9,0.0,0.0,10.4,1.5,1.5,0.5,0.7,6.9,60.9,1.3,40.9,3.1,0.1,0.0,0.0,16.8,6.5,16.8,14.6,83,C,2.0
Nikola Jokic: 2016,73.0,27.9,16.7,11.7,57.8,1.9,32.4,9.8,4.9,2.3,0.8,0.8,7.6,65.8,2.2,51.9,4.6,1.6,1.5,34.9,28.6,26.6,17.8,23.1,82,C,2.0
Nikola Vucevic: 2016,75.0,28.8,14.6,13.7,46.8,1.0,30.7,10.4,2.8,1.6,1.0,1.0,6.8,51.5,6.0,43.4,7.7,2.3,1.0,31.5,24.5,15.7,17.3,24.1,84,C,2.0
Ricky Rubio: 2016,75.0,32.9,11.1,8.7,40.2,2.6,30.6,4.1,9.1,2.6,1.7,0.1,2.4,41.7,3.6,44.0,0.0,9.1,2.2,32.1,16.9,38.5,6.4,17.1,76,PG,4.0
Ryan Anderson: 2016,72.0,29.4,13.6,10.7,41.8,7.0,40.3,4.6,0.9,0.8,0.4,0.2,2.4,50.0,1.3,33.7,0.9,1.7,6.5,41.3,22.1,4.6,7.7,17.8,82,PF,3.0
Seth Curry: 2016,70.0,29.0,12.8,10.0,48.1,4.6,42.5,2.6,2.7,1.3,1.1,0.1,2.7,63.0,2.7,43.6,0.0,5.4,3.0,40.6,22.8,15.9,4.7,19.3,74,PG,1.0
Stephen Curry: 2016,79.0,33.4,25.3,18.3,46.8,10.0,41.1,4.5,6.6,3.0,1.8,0.2,5.5,58.2,2.8,45.2,0.3,8.4,4.6,45.9,35.1,28.7,6.5,28.6,75,PG,5.0
TJ McConnell: 2016,81.0,26.3,6.9,6.3,46.1,0.7,20.0,3.1,6.6,2.0,1.7,0.1,4.2,52.4,1.5,39.8,0.1,11.1,0.5,23.1,12.3,37.4,5.7,14.2,74,PG,4.0
Tim Frazier: 2016,65.0,23.5,7.1,6.2,40.3,2.0,31.3,2.7,5.2,1.6,0.9,0.1,3.0,50.0,1.3,35.7,0.1,7.2,1.0,31.7,14.7,31.2,5.4,16.1,73,PG,4.0
Ty Lawson: 2016,69.0,25.1,9.9,7.6,45.4,1.7,28.8,2.6,4.8,1.9,1.1,0.1,3.4,52.9,2.5,44.5,0.1,11.1,1.1,30.7,19.3,30.0,5.2,19.0,71,PG,4.0
Victor Oladipo: 2016,67.0,33.2,15.9,13.9,44.2,5.3,36.1,4.3,2.6,1.8,1.2,0.3,5.6,53.6,3.1,41.7,0.3,6.3,4.5,36.5,23.1,12.2,6.3,21.0,76,SG,8.0
Zach Randolph: 2016,73.0,24.5,14.1,13.2,44.9,1.3,22.3,8.2,1.7,1.4,0.5,0.1,7.8,51.3,4.2,37.3,8.9,1.6,1.1,22.0,29.3,13.1,16.7,28.0,81,PF,1.0
Andre Drummond: 2017,78.0,33.7,15.0,11.3,52.9,0.1,0.0,16.0,3.0,2.6,1.5,1.6,10.9,54.1,0.3,32.0,3.4,2.1,0.1,0.0,21.9,14.0,23.4,20.7,83,C,1.0
Andrew Wiggins: 2017,82.0,36.3,17.7,15.9,43.8,4.1,33.1,4.4,2.0,1.7,1.1,0.6,7.1,57.7,4.6,31.8,2.5,7.7,3.1,34.9,24.0,8.0,6.1,22.8,80,SF,6.0
Anthony Davis: 2017,75.0,36.4,28.1,19.5,53.4,2.2,34.0,11.1,2.3,2.2,1.5,2.6,11.9,64.7,5.4,36.4,6.4,4.1,1.9,33.1,36.1,10.4,14.6,29.1,82,PF,11.0
Ben Simmons: 2017,81.0,33.7,15.8,12.3,54.5,0.1,0.0,8.1,8.2,3.4,1.7,0.9,10.8,58.3,1.3,27.8,3.2,15.5,0.1,0.0,22.1,36.2,11.5,21.9,82,PG,4.0
Bogdan Bogdanovic: 2017,78.0,27.9,11.8,9.9,44.6,4.2,39.2,2.9,3.3,1.6,0.9,0.2,3.2,50.0,2.5,46.9,0.3,6.7,2.8,39.4,20.9,18.3,5.3,19.2,78,SG,1.0
Bojan Bogdanovic: 2017,80.0,30.8,14.3,10.7,47.4,4.8,40.2,3.4,1.5,1.3,0.7,0.1,4.4,56.8,1.5,47.9,0.3,4.9,4.1,40.0,22.6,7.1,5.5,18.5,80,SF,1.0
Brook Lopez: 2017,74.0,23.4,13.0,10.7,46.5,4.4,34.5,4.0,1.7,1.3,0.4,1.3,5.3,58.5,1.0,40.3,5.5,1.9,4.1,34.3,26.0,11.3,8.1,23.0,84,C,3.0
Buddy Hield: 2017,80.0,25.3,13.5,11.7,44.6,5.1,43.1,3.8,1.9,1.6,1.1,0.3,3.5,51.4,3.1,41.5,0.0,4.4,2.9,50.2,26.5,12.7,7.6,23.6,76,SG,1.0
Cameron Payne: 2017,25.0,23.3,8.8,8.6,40.5,3.6,38.5,2.8,4.5,1.4,1.0,0.4,3.8,44.7,1.2,33.3,0.0,6.2,1.4,44.4,18.2,29.4,5.6,18.3,75,PG,4.0
Caris LeVert: 2017,71.0,26.2,12.1,10.4,43.5,3.5,34.7,3.7,4.2,2.2,1.2,0.3,5.8,51.7,1.1,32.1,0.0,11.0,2.1,36.9,21.6,26.5,6.5,21.6,79,SF,8.0
Carmelo Anthony: 2017,78.0,32.1,16.2,15.0,40.4,6.1,35.7,5.8,1.3,1.3,0.6,0.6,3.0,53.3,5.9,39.3,3.6,1.7,4.8,37.3,24.4,6.1,8.8,22.3,80,PF,6.0
Chris Paul: 2017,58.0,31.8,18.6,13.8,46.0,6.5,38.0,5.4,7.9,2.2,1.7,0.2,4.1,51.2,3.1,53.9,1.3,11.7,1.0,41.1,28.5,38.9,8.6,24.1,72,PG,4.0
D'Angelo Russell: 2017,48.0,25.7,15.5,14.0,41.4,5.8,32.4,3.9,5.2,3.1,0.8,0.4,5.6,50.0,2.6,44.4,0.3,9.7,3.1,36.4,28.0,34.8,7.2,29.5,77,PG,4.0
Damian Lillard: 2017,73.0,36.6,26.9,19.4,43.9,8.6,36.1,4.5,6.6,2.8,1.1,0.4,7.5,50.7,3.3,47.9,0.0,12.6,2.7,35.6,35.7,30.1,5.8,29.5,75,PG,5.0
Danilo Gallinari: 2017,21.0,32.0,15.3,12.2,39.8,5.3,32.4,4.8,2.0,1.2,0.6,0.5,3.8,47.4,3.0,42.2,2.3,5.0,4.1,31.0,23.4,9.7,7.3,20.5,82,SF,6.0
DeMar DeRozan: 2017,80.0,33.9,23.0,17.7,45.6,3.6,31.0,3.9,5.2,2.2,1.1,0.3,7.7,55.8,6.3,42.5,1.2,16.3,2.1,34.8,32.7,24.5,5.7,28.6,79,SG,7.0
Dennis Schroder: 2017,67.0,31.0,19.4,17.1,43.6,3.9,29.0,3.1,6.2,2.7,1.1,0.1,8.0,50.0,5.2,44.8,0.0,16.4,1.9,28.0,30.3,35.2,5.0,29.9,73,PG,4.0
Dennis Smith Jr: 2017,69.0,29.7,15.2,14.8,39.5,4.9,31.3,3.8,5.2,2.8,1.0,0.3,6.9,49.3,3.0,30.6,0.3,12.7,2.1,37.2,25.0,30.1,6.3,28.0,75,PG,7.0
Draymond Green: 2017,70.0,32.7,11.0,8.8,45.4,3.7,30.1,7.6,7.3,2.9,1.4,1.3,4.5,60.0,0.7,31.4,4.3,2.2,3.2,30.8,15.8,28.6,11.7,16.8,79,PF,4.0
Elfrid Payton: 2017,63.0,28.7,12.7,10.6,49.3,1.5,32.6,4.3,6.2,2.7,1.3,0.3,7.8,55.1,1.3,37.5,0.1,11.8,1.1,34.7,20.9,32.8,7.4,21.1,76,PG,4.0
Goran Dragic: 2017,75.0,31.7,17.3,14.3,45.0,4.0,37.0,4.1,4.8,2.2,0.8,0.2,7.2,52.8,3.1,36.9,0.2,14.6,2.6,41.1,26.8,24.5,6.4,25.0,75,PG,9.0
Hassan Whiteside: 2017,54.0,25.3,14.0,10.7,54.0,0.0,100.0,11.4,1.0,1.7,0.7,1.7,8.8,56.8,1.9,34.3,4.4,0.9,0.0,100.0,27.0,6.8,21.8,23.5,84,C,2.0
JJ Barea: 2017,69.0,23.2,11.6,10.0,43.9,4.5,36.7,2.9,6.3,2.1,0.5,0.0,4.0,55.0,1.4,39.2,0.0,9.5,1.7,51.3,24.5,42.6,6.4,24.3,72,PG,4.0
James Harden: 2017,72.0,35.4,30.4,20.1,44.9,10.0,36.7,5.4,8.8,4.4,1.8,0.7,8.4,56.0,1.8,39.1,1.4,17.1,1.7,36.7,41.9,44.9,7.8,35.3,77,SG,5.0
Jarrett Jack: 2017,62.0,25.0,7.5,7.1,42.7,1.4,29.1,3.1,5.6,1.9,0.6,0.1,3.0,50.0,2.8,41.3,0.2,7.5,0.7,28.3,14.7,30.2,6.1,16.4,75,PG,4.0
Jeff Teague: 2017,70.0,33.0,14.2,11.3,44.6,3.3,36.8,3.0,7.0,2.5,1.5,0.3,6.4,50.0,1.7,39.7,0.1,14.0,1.2,40.7,21.0,29.8,4.6,20.1,74,PG,4.0
Joel Embiid: 2017,63.0,30.4,22.9,16.8,48.3,3.4,30.8,11.0,3.2,3.7,0.6,1.8,8.8,56.8,4.7,44.0,13.8,3.3,3.0,31.2,35.8,18.2,17.3,33.0,84,C,11.0
John Wall: 2017,41.0,34.4,19.4,16.3,42.0,4.1,37.1,3.7,9.6,3.9,1.4,1.1,7.1,54.9,5.1,28.1,0.2,15.4,2.0,43.8,26.9,42.5,5.3,28.1,76,PG,4.0
Jonathon Simmons: 2017,69.0,29.4,13.9,11.0,46.5,3.0,33.8,3.5,2.5,2.1,0.8,0.2,6.0,55.0,2.0,40.7,0.7,10.0,2.1,36.1,22.8,13.1,5.9,21.5,78,SG,7.0
Karl-Anthony Towns: 2017,82.0,35.6,21.3,14.3,54.5,3.5,42.1,12.3,2.4,1.9,0.8,1.4,8.5,61.2,2.3,47.9,6.5,2.6,3.2,42.9,29.8,10.5,17.9,22.5,84,C,11.0
Kevin Durant: 2017,68.0,34.2,26.4,18.0,51.6,6.1,41.9,6.8,5.4,3.0,0.7,1.8,6.1,63.9,5.8,49.4,4.3,5.7,3.1,48.6,36.2,24.3,9.9,29.3,81,SF,5.0
Kevin Love: 2017,59.0,28.0,17.6,12.4,45.8,5.6,41.5,9.3,1.7,1.5,0.7,0.4,4.8,54.2,2.0,39.3,4.5,1.4,5.0,41.6,30.5,9.9,17.2,24.8,82,C,3.0
Kris Dunn: 2017,52.0,29.3,13.4,12.8,42.9,2.6,32.1,4.3,6.0,2.9,2.0,0.5,6.4,48.4,3.8,42.9,1.0,12.2,1.3,30.0,22.0,31.9,7.1,24.5,76,PG,4.0
Kristaps Porzingis: 2017,48.0,32.4,22.7,18.5,43.9,4.8,39.5,6.6,1.2,1.9,0.8,2.4,7.1,49.3,6.8,40.2,8.0,2.5,4.4,41.6,34.4,6.3,9.8,30.5,87,PF,3.0
Kyle Korver: 2017,73.0,21.6,9.2,6.6,45.9,5.2,43.6,2.3,1.2,0.8,0.4,0.4,0.7,57.1,0.9,46.9,0.0,0.4,4.3,46.0,20.3,7.9,5.2,15.4,79,SG,1.0
LaMarcus Aldridge: 2017,75.0,33.4,23.1,18.0,51.0,1.2,29.3,8.5,2.0,1.5,0.6,1.2,9.4,59.6,7.4,42.5,13.9,1.4,1.1,29.6,35.0,11.1,12.7,28.8,83,C,2.0
Lauri Markkanen: 2017,68.0,29.7,15.2,12.7,43.4,5.9,36.2,7.5,1.2,1.2,0.6,0.6,4.7,55.3,2.1,35.6,2.3,3.6,5.5,36.9,24.7,6.4,12.3,21.5,84,PF,3.0
LeBron James: 2017,82.0,36.9,27.5,19.3,54.2,5.0,36.7,8.6,9.1,4.2,1.4,0.9,10.7,67.3,3.7,38.9,4.4,11.7,1.2,40.6,36.0,43.2,11.9,31.0,80,PF,5.0
Luc Mbah a Moute: 2017,61.0,25.6,7.5,5.7,48.1,2.8,36.4,3.0,0.9,1.1,1.2,0.4,2.7,63.0,0.1,0.0,0.3,3.0,2.7,35.0,14.3,5.2,6.0,12.8,80,PF,10.0
Michael Kidd-Gilchrist: 2017,74.0,25.0,9.2,7.6,50.4,0.0,0.0,4.1,1.0,0.7,0.7,0.4,4.9,57.1,2.7,37.6,0.5,3.0,0.0,0.0,17.7,5.7,7.9,15.9,79,SF,10.0
Pascal Siakam: 2017,80.0,20.7,7.2,6.1,50.7,1.6,22.5,4.5,2.0,0.8,0.8,0.5,4.3,62.8,0.2,30.8,0.3,3.2,1.6,22.4,17.1,13.4,11.0,15.4,81,PF,9.0
Paul George: 2017,79.0,36.6,21.9,17.0,43.0,7.7,40.1,5.7,3.3,2.7,2.0,0.5,5.4,53.7,3.8,33.2,1.0,8.9,5.3,41.0,29.0,14.3,7.6,24.8,81,SF,9.0
Rajon Rondo: 2017,65.0,26.2,8.3,7.6,46.8,2.3,33.3,4.0,8.2,2.3,1.1,0.2,4.4,56.8,0.9,36.2,0.1,7.9,1.5,31.0,14.6,40.6,7.4,16.4,73,PG,4.0
Ricky Rubio: 2017,77.0,29.3,13.1,10.7,41.8,3.5,35.2,4.6,5.3,2.7,1.6,0.1,3.4,47.1,3.7,43.4,0.0,11.2,2.6,37.6,22.0,28.3,8.0,22.2,76,PG,4.0
Robert Covington: 2017,80.0,31.6,12.6,10.5,41.3,6.9,36.9,5.4,2.0,1.6,1.7,0.9,2.8,53.6,0.8,28.4,0.1,2.1,6.2,37.9,18.9,8.4,8.2,16.8,81,SF,1.0
Stanley Johnson: 2017,69.0,27.4,8.7,8.1,37.5,3.4,28.6,3.7,1.6,1.1,1.4,0.2,3.2,46.9,1.6,36.1,0.4,4.1,2.8,31.6,15.6,8.6,6.5,16.1,79,SF,10.0
Thabo Sefolosha: 2017,38.0,21.2,8.2,6.3,49.2,2.2,38.1,4.2,0.9,0.8,1.4,0.3,3.1,61.3,1.0,38.5,0.1,3.0,2.0,36.8,18.9,6.6,10.4,16.2,79,SF,10.0
Zach Randolph: 2017,59.0,25.6,14.5,12.9,47.3,2.5,34.7,6.7,2.2,2.0,0.7,0.2,6.8,55.9,3.6,40.6,8.5,2.6,2.4,35.0,28.3,14.6,13.5,27.0,81,PF,1.0
Aaron Gordon: 2018,78.0,33.8,16.0,13.4,44.9,4.4,34.9,7.4,3.7,2.1,0.7,0.7,6.7,55.2,2.3,33.0,2.9,6.1,3.1,36.5,22.8,16.6,10.6,21.3,81,PF,7.0
CJ McCollum: 2018,70.0,33.9,21.0,17.8,45.9,6.4,37.5,4.0,3.0,1.5,0.8,0.4,6.9,50.7,4.6,50.2,0.1,9.4,3.2,39.4,29.2,13.3,5.6,24.8,75,SG,9.0
Chris Paul: 2018,58.0,32.0,15.6,12.4,41.9,6.1,35.8,4.6,8.2,2.6,2.0,0.3,3.8,50.0,2.5,47.6,2.2,12.1,1.0,43.1,23.4,38.2,7.0,22.0,72,PG,4.0
Collin Sexton: 2018,82.0,31.8,16.7,14.7,43.0,3.6,40.2,2.9,3.0,2.3,0.5,0.1,6.6,47.0,4.5,39.2,0.1,10.8,1.7,44.3,25.6,15.4,4.5,24.7,74,PG,6.0
Damian Lillard: 2018,80.0,35.5,25.8,19.2,44.4,8.0,36.9,4.6,6.9,2.7,1.1,0.4,7.6,51.3,3.6,46.1,0.1,13.3,2.5,38.9,34.5,29.9,6.2,28.1,75,PG,5.0
De'Aaron Fox: 2018,81.0,31.4,17.3,13.6,45.8,2.9,37.1,3.8,7.3,2.8,1.6,0.6,8.0,52.5,2.7,37.3,0.1,12.2,1.1,40.4,25.0,32.2,5.4,23.8,75,PG,4.0
DeMar DeRozan: 2018,77.0,34.9,21.2,17.1,48.1,0.6,15.6,6.0,6.2,2.6,1.1,0.5,9.2,56.5,7.2,40.5,2.4,18.7,0.4,21.2,29.7,27.7,8.5,27.7,79,SG,7.0
Derrick White: 2018,67.0,25.8,9.9,8.1,47.9,2.1,33.8,3.7,3.9,1.4,1.0,0.7,4.4,54.5,1.6,47.7,0.0,8.6,1.6,33.0,18.7,20.6,7.2,17.8,76,PG,10.0
Devin Booker: 2018,64.0,35.0,26.6,19.6,46.7,6.5,32.6,4.1,6.8,4.1,0.9,0.2,8.6,58.1,4.6,44.9,1.3,13.9,2.7,37.6,35.6,32.7,5.8,32.0,78,SG,5.0
Eric Gordon: 2018,68.0,31.7,16.2,13.8,40.9,8.8,36.0,2.2,1.9,1.3,0.6,0.4,4.6,50.0,0.3,40.0,0.1,7.4,6.6,38.3,24.6,9.0,3.3,21.5,76,SG,1.0
Giannis Antetokounmpo: 2018,72.0,32.8,27.7,17.3,57.8,2.8,25.6,12.5,5.9,3.7,1.3,1.5,12.9,68.2,1.6,34.5,4.6,12.5,0.9,22.4,38.5,29.4,17.6,31.4,83,PF,5.0
JJ Redick: 2018,76.0,31.3,18.1,13.5,44.0,8.0,39.7,2.4,2.7,1.3,0.4,0.2,1.8,55.6,3.7,48.0,0.0,2.3,4.7,42.4,26.3,12.9,3.6,20.9,76,SG,1.0
JaVale McGee: 2018,75.0,22.3,12.0,8.5,62.4,0.2,8.3,7.5,0.7,1.4,0.6,2.0,8.0,65.0,0.4,34.4,1.4,0.6,0.2,8.3,24.6,4.5,15.9,19.7,84,C,2.0
James Harden: 2018,78.0,36.8,36.1,24.5,44.2,13.2,36.8,6.6,7.5,5.0,2.0,0.7,10.3,53.4,1.0,42.0,1.1,19.6,0.9,41.4,48.2,39.4,8.9,39.6,77,PG,5.0
Jaren Jackson Jr: 2018,58.0,26.1,13.8,10.2,50.6,2.4,35.9,4.7,1.1,1.7,0.9,1.4,7.2,56.9,0.5,29.6,4.6,2.1,2.2,36.7,26.3,7.4,9.0,23.1,83,PF,3.0
Jaylen Brown: 2018,74.0,25.9,13.0,10.7,46.5,3.7,34.4,4.2,1.4,1.3,0.9,0.4,5.6,57.1,1.4,38.6,1.2,5.1,3.3,34.3,23.8,7.9,7.7,21.5,79,SG,8.0
Jayson Tatum: 2018,79.0,31.1,15.7,13.1,45.0,3.9,37.3,6.0,2.1,1.5,1.1,0.7,5.7,54.4,3.5,36.6,1.5,5.6,2.5,39.4,24.1,9.8,9.3,21.8,80,SF,8.0
Jeff Teague: 2018,42.0,30.1,12.1,9.9,42.3,2.5,33.3,2.5,8.2,2.3,1.0,0.4,6.2,45.2,1.2,42.3,0.1,14.1,1.0,37.5,19.0,36.6,3.9,18.6,74,PG,4.0
Jeremy Lamb: 2018,79.0,28.5,15.3,12.4,44.0,4.2,34.8,5.5,2.2,1.0,1.1,0.4,6.3,49.2,1.9,46.7,0.1,8.5,2.8,38.5,25.8,11.9,9.1,22.0,77,SG,8.0
Joe Harris: 2018,76.0,30.2,13.7,9.8,50.0,5.1,47.4,3.8,2.4,1.6,0.5,0.2,4.4,52.3,0.4,45.2,0.0,7.0,4.2,48.1,21.2,11.4,6.0,16.7,78,SG,1.0
Joe Ingles: 2018,82.0,31.3,12.1,9.8,44.8,5.9,39.1,4.0,5.7,2.4,1.2,0.2,3.4,55.9,0.4,40.0,0.1,10.0,3.8,40.1,18.2,26.2,6.1,17.0,80,PF,1.0
Joel Embiid: 2018,64.0,33.7,27.5,18.7,48.4,4.1,30.0,13.6,3.7,3.5,0.7,1.9,11.0,59.1,3.6,36.1,10.2,4.8,3.3,31.1,37.7,18.5,19.1,32.7,84,C,11.0
John Collins: 2018,61.0,30.0,19.5,13.6,56.0,2.6,34.8,9.8,2.0,2.0,0.4,0.6,10.2,63.7,0.8,30.6,2.5,2.8,2.5,35.3,29.8,10.2,15.4,23.0,82,PF,3.0
John Wall: 2018,32.0,34.5,20.7,17.3,44.4,5.3,30.2,3.6,8.7,3.8,1.5,0.9,8.4,56.0,3.5,38.9,0.4,16.8,3.2,37.3,27.7,39.1,5.0,28.6,76,PG,4.0
Josh Jackson: 2018,79.0,25.2,11.5,10.6,41.3,2.8,32.4,4.4,2.3,2.2,0.9,0.7,6.2,45.2,1.6,38.5,0.2,7.0,2.1,35.8,21.5,14.2,8.4,23.4,80,SG,10.0
Josh Okogie: 2018,74.0,23.7,7.7,6.9,38.6,2.9,27.9,2.9,1.2,0.9,1.2,0.4,3.1,48.4,1.0,34.3,0.0,3.0,2.5,29.4,15.0,6.8,5.9,14.8,76,SG,10.0
Josh Richardson: 2018,73.0,34.8,16.6,14.1,41.2,6.3,35.7,3.6,4.1,1.5,1.1,0.5,5.1,49.0,2.7,39.5,0.2,10.1,4.6,38.5,22.9,17.7,4.9,20.3,78,SG,1.0
Jrue Holiday: 2018,67.0,35.8,21.2,17.3,47.2,5.4,32.5,5.0,7.7,3.1,1.6,0.8,9.7,57.7,2.2,38.8,0.5,16.6,1.9,35.4,27.2,30.8,6.5,25.0,76,SG,4.0
Karl-Anthony Towns: 2018,77.0,33.0,24.4,17.1,51.8,4.6,40.0,12.4,3.4,3.1,0.9,1.6,10.0,60.0,2.4,39.9,12.9,3.6,4.0,41.1,35.1,16.9,17.6,28.0,84,C,11.0
Kawhi Leonard: 2018,60.0,34.0,26.6,18.8,49.6,5.0,37.1,7.3,3.3,2.0,1.8,0.4,8.3,60.2,5.5,45.9,4.0,13.6,2.5,40.8,37.4,15.9,10.6,30.0,79,SF,5.0
Kelly Olynyk: 2018,79.0,22.9,10.0,7.1,46.3,4.0,35.4,4.7,1.8,1.4,0.7,0.5,2.5,68.0,0.5,35.7,1.2,2.0,3.3,37.3,20.9,11.3,9.9,17.5,84,PF,10.0
Kelly Oubre Jr: 2018,69.0,28.0,15.2,12.2,44.5,4.9,32.0,4.7,1.2,1.5,1.2,0.9,6.5,53.8,0.8,46.4,0.1,6.0,3.9,31.1,25.0,6.7,8.0,22.3,79,SF,8.0
Kemba Walker: 2018,82.0,34.9,25.6,20.5,43.4,8.9,35.6,4.4,5.9,2.6,1.2,0.4,8.3,50.6,3.3,46.9,0.0,15.2,2.8,34.8,35.4,28.7,6.0,30.8,73,PG,5.0
Kevin Durant: 2018,78.0,34.6,26.0,17.7,52.1,5.0,35.3,6.4,5.9,2.9,0.7,1.1,6.8,63.2,5.9,55.1,6.3,7.5,2.2,40.8,34.9,25.1,8.8,28.3,81,SF,5.0
Kevin Love: 2018,22.0,27.2,17.0,12.9,38.5,6.7,36.1,10.9,2.2,1.9,0.3,0.2,4.3,46.5,1.9,26.2,5.6,1.9,5.2,31.3,30.0,12.5,19.3,25.9,82,PF,3.0
Klay Thompson: 2018,78.0,34.0,21.5,18.0,46.7,7.7,40.2,3.8,2.4,1.5,1.1,0.6,4.6,58.7,5.7,45.3,1.3,4.4,6.1,40.5,29.7,10.3,5.5,25.4,79,SG,1.0
Kris Dunn: 2018,46.0,30.2,11.3,11.0,42.5,2.1,35.4,4.1,6.0,2.3,1.5,0.5,6.3,47.6,2.6,38.1,0.5,11.7,1.3,28.8,18.0,29.0,6.6,19.8,76,PG,4.0
Kyle Kuzma: 2018,70.0,33.1,18.7,15.5,45.6,6.0,30.3,5.5,2.5,1.9,0.6,0.4,8.1,58.0,1.4,39.4,2.1,6.0,5.0,31.7,25.9,11.3,7.7,23.3,81,PF,8.0
Kyle Lowry: 2018,65.0,34.1,14.2,11.4,41.1,7.0,34.7,4.8,8.7,2.8,1.4,0.5,3.0,60.0,1.4,37.0,0.1,7.8,4.3,38.3,19.7,32.9,6.9,19.1,73,PG,4.0
LaMarcus Aldridge: 2018,81.0,33.2,21.3,16.3,51.9,0.5,23.8,9.2,2.4,1.8,0.5,1.3,8.7,58.6,7.1,44.9,12.4,0.9,0.4,25.0,31.3,11.5,13.9,26.8,83,C,2.0
Lauri Markkanen: 2018,52.0,32.3,18.7,15.3,43.0,6.4,36.1,9.0,1.4,1.6,0.7,0.6,6.9,52.2,2.0,33.7,2.5,6.0,5.8,36.5,28.0,7.0,13.8,24.5,84,PF,3.0
Lonzo Ball: 2018,47.0,30.3,9.9,9.7,40.6,4.9,32.9,5.3,5.4,2.2,1.5,0.4,4.2,50.0,0.7,35.5,0.5,5.0,3.2,31.8,15.0,23.6,8.1,16.7,78,PG,8.0
Luka Doncic: 2018,72.0,32.2,21.2,16.5,42.7,7.1,32.7,7.8,6.0,3.4,1.1,0.3,7.5,53.3,1.8,38.3,1.7,14.7,1.8,37.4,31.2,31.7,11.7,29.6,79,SG,9.0
Marcus Smart: 2018,80.0,27.5,8.9,7.1,42.2,4.3,36.4,2.9,4.0,1.5,1.8,0.4,2.3,52.2,0.5,36.6,1.0,3.5,3.2,38.7,15.3,19.0,5.1,14.4,76,SG,10.0
Markelle Fultz: 2018,19.0,22.5,8.2,8.2,41.9,0.7,28.6,3.7,3.1,1.3,0.9,0.3,5.3,50.9,2.2,24.4,0.2,7.4,0.6,18.2,16.7,21.2,7.3,18.9,76,SG,10.0
Mitchell Robinson: 2018,66.0,20.6,7.3,4.4,69.4,0.0,0.0,6.4,0.6,0.5,0.8,2.4,4.4,70.5,0.0,33.3,0.4,0.0,0.0,0.0,17.0,4.2,14.4,11.9,85,C,1.0
Nikola Jokic: 2018,80.0,31.3,20.1,15.1,51.1,3.4,30.7,10.8,7.3,3.1,1.4,0.7,9.8,60.2,1.9,40.3,7.7,3.7,2.9,31.6,31.2,36.1,16.9,27.1,84,C,4.0
Russell Westbrook: 2018,73.0,36.0,22.9,20.2,42.8,5.6,29.0,11.1,10.7,4.5,1.9,0.5,9.7,56.7,4.9,31.8,1.8,18.4,2.3,32.1,29.1,44.0,14.1,30.1,75,PG,5.0
Stephen Curry: 2018,69.0,33.8,27.3,19.4,47.2,11.7,43.7,5.3,5.2,2.8,1.3,0.4,4.8,58.3,2.8,43.4,0.3,7.7,6.7,44.6,37.2,22.5,7.5,29.2,75,PG,5.0
Steven Adams: 2018,80.0,33.4,13.9,10.1,59.5,0.0,0.0,9.5,1.6,1.7,1.5,1.0,9.8,60.2,0.3,60.0,5.0,0.1,0.0,0.0,19.0,6.3,13.1,16.0,84,C,1.0
Terrance Ferguson: 2018,74.0,26.1,6.9,5.8,42.9,3.9,36.6,1.9,1.0,0.6,0.5,0.2,1.5,60.0,0.5,26.5,0.0,1.4,3.6,37.0,12.3,4.6,3.4,10.4,79,SG,10.0
Terrence Ross: 2018,81.0,26.5,15.1,12.7,42.8,7.0,38.3,3.5,1.7,1.1,0.9,0.4,1.7,58.8,4.0,43.5,0.0,2.1,4.7,38.6,27.2,10.3,6.2,23.0,79,SG,8.0
Tyus Jones: 2018,68.0,22.9,6.9,6.6,41.5,1.9,31.7,2.0,4.8,0.7,1.2,0.1,3.4,50.0,1.3,36.7,0.0,4.6,1.0,36.8,14.0,28.4,4.1,13.9,74,PG,4.0
Victor Oladipo: 2018,36.0,31.9,18.8,16.3,42.3,6.0,34.3,5.6,5.2,2.3,1.7,0.3,5.7,50.9,4.6,42.5,0.0,9.5,2.7,40.6,28.8,25.0,8.7,27.8,76,SG,6.0
Zach LaVine: 2018,63.0,34.5,23.7,18.0,46.7,5.1,37.4,4.7,4.5,3.4,1.0,0.4,9.6,55.2,3.2,35.8,0.5,13.6,1.7,37.3,33.0,22.4,6.6,29.8,77,SG,9.0
Aaron Gordon: 2019,62.0,32.5,14.4,12.4,43.7,3.8,30.8,7.7,3.7,1.6,0.8,0.6,6.3,58.7,2.2,25.0,3.2,4.8,2.6,32.5,21.4,16.5,11.4,20.5,80,PF,7.0
Andre Drummond: 2019,57.0,33.0,17.7,13.8,53.3,0.6,14.3,15.2,2.7,3.6,1.9,1.6,12.8,55.5,0.3,27.8,4.7,3.5,0.5,13.3,26.1,13.3,22.9,25.3,82,C,1.0
Andrew Wiggins: 2019,54.0,34.4,21.8,18.1,44.7,6.2,33.2,5.1,3.7,2.4,0.8,1.0,9.4,55.3,2.5,33.8,1.0,14.1,3.6,35.2,29.3,18.0,7.0,26.9,79,SF,6.0
Anfernee Simons: 2019,70.0,20.7,8.3,7.7,39.9,3.2,33.2,2.2,1.4,0.9,0.4,0.1,2.9,44.8,1.5,42.1,0.0,3.7,2.0,33.6,18.6,9.8,4.7,18.0,75,SG,10.0
Anthony Davis: 2019,62.0,34.4,26.1,17.7,50.3,3.5,33.0,9.3,3.2,2.5,1.5,2.3,10.1,62.4,4.1,34.9,8.8,3.6,3.1,34.4,35.5,15.3,13.1,28.4,82,PF,11.0
Bam Adebayo: 2019,72.0,33.6,15.9,11.0,55.7,0.2,14.3,10.2,5.1,2.8,1.1,1.3,9.4,61.7,1.3,22.3,3.2,4.4,0.1,11.1,23.1,23.8,15.3,21.2,81,PF,1.0
Blake Griffin: 2019,18.0,28.5,15.5,13.9,35.2,6.2,24.3,4.7,3.3,2.2,0.4,0.4,6.9,46.4,0.8,20.0,4.1,6.2,2.1,23.7,26.6,18.4,7.9,27.7,81,PF,8.0
Bogdan Bogdanovic: 2019,61.0,28.9,15.1,12.6,44.0,7.2,37.2,3.4,3.4,1.7,1.0,0.2,3.7,56.8,1.7,49.5,0.3,6.7,5.0,40.7,25.3,18.4,5.8,22.1,78,SG,8.0
Bojan Bogdanovic: 2019,63.0,33.1,20.2,14.8,44.7,7.3,41.4,4.1,2.1,2.5,0.5,0.1,6.5,50.8,1.1,27.9,1.0,9.1,5.0,42.6,29.5,9.9,6.2,25.2,80,SF,9.0
Bradley Beal: 2019,57.0,36.0,30.5,22.9,45.5,8.4,35.3,4.2,6.1,3.4,1.2,0.4,9.7,55.7,4.8,41.3,0.5,16.1,4.4,38.2,39.3,28.5,5.8,33.8,75,SG,5.0
Buddy Hield: 2019,72.0,30.8,19.2,16.1,42.9,9.6,39.4,4.6,3.0,2.3,0.9,0.2,3.8,52.6,2.9,39.8,0.0,5.3,5.0,41.3,29.6,15.3,7.4,26.3,76,SG,1.0
CJ McCollum: 2019,70.0,36.5,22.2,19.4,45.1,7.3,37.9,4.2,4.4,1.8,0.8,0.6,7.6,50.0,4.4,48.9,0.0,10.6,3.4,46.0,28.8,18.5,5.4,25.7,75,SG,9.0
Chris Paul: 2019,70.0,31.5,17.6,12.7,48.9,4.3,36.5,5.0,6.7,2.3,1.6,0.2,4.2,54.8,4.2,54.0,0.5,12.8,0.7,42.3,26.6,32.4,8.0,22.8,73,PG,4.0
Coby White: 2019,65.0,25.8,13.2,12.2,39.4,5.8,35.4,3.5,2.7,1.7,0.8,0.1,4.7,44.7,1.7,33.6,0.0,7.0,3.7,37.0,24.0,16.2,6.7,23.5,76,PG,6.0
Collin Sexton: 2019,65.0,33.0,20.8,16.7,47.2,3.9,38.0,3.1,3.0,2.4,1.0,0.1,10.3,52.4,2.5,40.7,0.1,13.9,2.2,42.1,30.1,14.6,4.8,26.4,73,PG,6.0
Damian Lillard: 2019,66.0,37.5,30.0,20.4,46.3,10.2,40.1,4.3,8.0,2.9,1.1,0.3,8.0,55.0,2.2,44.5,0.1,15.2,2.2,40.3,37.6,33.5,5.3,29.4,74,PG,5.0
Danilo Gallinari: 2019,62.0,29.6,18.7,13.2,43.8,7.1,40.5,5.2,1.9,1.2,0.7,0.1,3.5,51.4,2.7,43.4,3.2,3.8,5.5,41.8,30.6,9.9,9.0,24.2,82,PF,1.0
Davis Bertans: 2019,54.0,29.3,15.4,11.3,43.4,8.7,42.4,4.5,1.7,1.1,0.7,0.6,1.9,52.6,0.7,36.1,0.1,1.9,7.4,43.1,23.9,8.1,7.4,18.3,82,PF,1.0
De'Aaron Fox: 2019,51.0,32.0,21.1,16.0,48.0,3.6,29.2,3.8,6.8,3.1,1.5,0.5,10.5,55.2,1.8,44.1,0.1,18.3,1.5,33.3,30.9,33.6,5.9,29.0,75,PG,9.0
De'Andre Hunter: 2019,63.0,32.0,12.3,10.8,41.0,4.8,35.5,4.5,1.8,1.6,0.7,0.3,4.4,45.5,1.6,44.7,0.3,6.2,4.1,38.6,17.8,7.9,6.8,17.3,79,SF,8.0
DeAndre Jordan: 2019,56.0,22.0,8.3,5.1,66.6,0.0,0.0,10.0,1.9,1.3,0.3,0.9,5.1,66.7,0.1,33.3,0.3,0.1,0.0,0.0,17.5,13.2,20.2,13.6,83,C,2.0
DeMar DeRozan: 2019,68.0,34.1,22.1,15.4,53.1,0.5,25.7,5.5,5.6,2.4,1.0,0.3,9.5,58.9,5.4,45.9,1.6,19.8,0.4,25.9,31.0,26.1,8.0,26.2,78,SF,7.0
Delon Wright: 2019,73.0,21.5,6.9,5.6,46.2,1.7,37.0,3.8,3.3,1.0,1.2,0.3,3.7,51.4,0.2,31.3,0.0,7.0,1.2,36.0,15.2,21.5,8.2,14.0,77,PG,10.0
Derrick Jones Jr: 2019,59.0,23.3,8.5,5.9,52.7,2.2,28.0,3.9,1.1,0.5,1.0,0.6,3.6,69.4,0.1,28.6,0.0,1.3,2.0,28.2,17.5,6.8,8.3,13.5,78,SF,7.0
Devin Booker: 2019,70.0,35.9,26.6,18.3,48.9,5.7,35.4,4.2,6.5,3.8,0.7,0.3,7.9,60.8,4.7,46.1,1.8,14.3,2.3,39.3,34.8,28.8,5.9,29.4,77,SG,5.0
Domantas Sabonis: 2019,62.0,34.8,18.5,13.7,54.0,1.1,25.4,12.4,5.0,2.7,0.8,0.5,10.3,59.2,2.2,44.6,6.1,2.4,1.0,26.2,25.7,21.5,17.7,22.9,83,PF,11.0
Draymond Green: 2019,43.0,28.4,8.0,7.3,38.9,3.0,27.9,6.2,6.2,2.3,1.4,0.8,3.4,52.9,1.0,28.6,2.8,3.7,2.7,29.9,13.2,31.0,10.4,15.6,78,PF,4.0
Duncan Robinson: 2019,73.0,29.7,13.5,9.4,47.0,8.3,44.6,3.2,1.4,1.0,0.5,0.3,0.9,77.8,0.2,26.7,0.0,1.0,6.8,46.0,21.9,6.8,5.4,15.7,79,SG,1.0
Fred VanVleet: 2019,54.0,35.7,17.6,14.3,41.3,6.9,39.0,3.8,6.6,2.2,1.9,0.3,6.3,46.0,1.1,31.1,0.0,14.3,3.9,44.0,23.4,28.1,5.0,21.8,73,SG,9.0
Furkan Korkmaz: 2019,72.0,21.7,9.8,7.8,43.0,4.9,40.2,2.3,1.1,0.8,0.6,0.2,2.1,52.4,0.8,37.7,0.0,2.2,3.8,43.6,21.2,7.3,5.2,17.7,79,SG,1.0
JJ Redick: 2019,60.0,26.3,15.3,10.5,45.3,6.6,45.3,2.5,2.0,1.3,0.3,0.2,1.6,43.8,2.4,44.8,0.0,2.7,4.2,47.2,26.2,10.7,4.5,19.7,75,SG,1.0
Ja Morant: 2019,67.0,31.0,17.8,14.0,47.7,2.7,33.5,3.9,7.3,3.3,0.9,0.3,10.2,52.9,1.1,38.7,0.0,19.4,1.0,39.1,26.6,35.4,5.9,25.6,75,PG,4.0
Jamal Murray: 2019,59.0,32.3,18.5,15.2,45.6,5.5,34.6,4.0,4.8,2.2,1.1,0.3,5.8,55.2,3.9,46.3,0.4,9.7,2.3,39.1,28.1,22.8,6.3,24.8,76,PG,9.0
James Harden: 2019,68.0,36.5,34.3,22.3,44.4,12.4,35.5,6.6,7.5,4.5,1.8,0.9,9.6,55.2,0.3,50.0,0.8,17.6,1.3,41.2,43.9,36.6,8.3,35.6,77,SG,5.0
Jaren Jackson Jr: 2019,57.0,28.5,17.4,13.2,46.9,6.5,39.4,4.6,1.4,1.7,0.7,1.6,6.5,55.4,0.3,31.6,3.0,3.9,5.7,39.9,28.1,7.3,7.7,23.8,83,C,3.0
Jarrett Allen: 2019,70.0,26.5,11.1,6.6,64.9,0.1,0.0,9.6,1.6,1.1,0.6,1.3,6.5,66.2,0.1,40.0,0.2,0.3,0.1,0.0,19.8,8.6,16.7,14.8,83,C,1.0
Jayson Tatum: 2019,66.0,34.3,23.4,18.6,45.0,7.1,40.3,7.0,3.0,2.3,1.4,0.9,8.4,51.2,3.1,38.3,1.5,10.8,2.4,39.9,32.6,14.3,9.6,28.0,80,PF,9.0
Jeff Teague: 2019,59.0,24.8,10.9,8.3,43.6,2.0,36.8,2.4,5.2,2.0,0.7,0.3,5.6,46.4,0.7,36.6,0.1,11.7,0.8,31.9,20.1,30.6,4.6,19.2,75,PG,4.0
Jimmy Butler: 2019,58.0,33.8,19.9,13.1,45.5,2.1,24.4,6.7,6.0,2.2,1.8,0.6,8.1,55.6,2.9,31.7,3.1,15.5,0.8,28.9,28.7,28.3,9.8,24.6,79,SF,9.0
Jonas Valanciunas: 2019,70.0,26.4,14.9,10.6,58.5,1.3,35.2,11.3,1.9,1.8,0.4,1.1,8.5,63.5,0.8,32.7,4.5,1.1,1.2,36.0,26.3,10.9,19.7,21.1,83,C,1.0
Josh Hart: 2019,65.0,27.0,10.1,8.2,42.3,5.4,34.2,6.5,1.7,1.2,1.0,0.4,2.4,66.7,0.3,15.8,0.1,2.7,4.6,35.6,17.1,8.4,11.3,15.0,77,SF,10.0
Karl-Anthony Towns: 2019,35.0,33.9,26.5,17.8,50.8,7.9,41.2,10.8,4.4,3.1,0.9,1.2,8.6,62.8,1.3,28.9,7.9,4.1,5.9,42.5,35.6,21.0,15.5,27.8,83,C,11.0
Kelly Oubre Jr: 2019,56.0,34.5,18.7,14.8,45.2,5.5,35.2,6.4,1.5,1.5,1.3,0.7,7.9,53.2,1.4,42.1,0.1,6.1,4.3,34.4,25.4,6.6,9.2,21.9,79,SF,8.0
Kendrick Nunn: 2019,67.0,29.3,15.3,13.6,43.9,5.8,35.0,2.7,3.3,1.7,0.8,0.2,5.2,51.9,2.6,46.6,0.1,7.4,3.9,34.7,25.2,18.2,4.6,23.6,74,PG,6.0
Kevin Huerter: 2019,56.0,31.4,12.2,10.9,41.3,6.0,38.0,4.1,3.8,1.6,0.9,0.5,3.6,50.0,1.3,33.3,0.0,5.7,3.9,42.2,17.9,17.1,6.2,16.9,79,SG,8.0
Khris Middleton: 2019,62.0,29.9,20.9,15.3,49.7,5.7,41.5,6.2,4.3,2.2,0.9,0.1,4.7,57.4,4.8,52.7,2.2,5.5,2.9,45.2,31.5,21.2,9.4,26.0,79,SF,9.0
Kristaps Porzingis: 2019,57.0,31.8,20.4,16.4,42.7,7.1,35.2,9.5,1.8,1.6,0.7,2.0,5.9,54.2,3.4,38.1,3.4,3.7,6.1,36.3,30.3,8.8,13.7,26.3,87,C,3.0
Lauri Markkanen: 2019,50.0,29.8,14.7,11.8,42.5,6.3,34.4,6.3,1.5,1.6,0.8,0.5,5.0,54.0,0.4,28.6,1.0,4.1,6.0,34.4,23.3,7.7,10.4,20.9,84,PF,3.0
LeBron James: 2019,67.0,34.6,25.3,19.4,49.3,6.3,34.8,7.8,10.2,3.9,1.2,0.5,10.2,62.7,3.0,34.3,3.9,14.1,2.2,38.5,34.6,47.7,11.0,30.8,81,PG,5.0
Lonzo Ball: 2019,63.0,32.1,11.8,10.9,40.3,6.3,37.5,6.1,7.0,3.1,1.4,0.6,3.4,50.0,1.2,27.6,0.2,5.8,4.2,38.9,16.8,29.2,8.7,18.1,78,PG,4.0
Luka Doncic: 2019,61.0,33.6,28.8,20.6,46.3,8.9,31.6,9.4,8.8,4.3,1.0,0.2,10.8,59.3,0.9,35.1,1.2,20.7,1.2,28.0,40.6,45.4,13.2,35.5,79,PG,5.0
Mike Conley: 2019,47.0,29.0,14.4,12.1,40.9,5.4,37.5,3.2,4.4,2.0,0.8,0.1,5.2,44.2,1.4,43.9,0.0,12.7,2.5,42.0,23.6,23.6,5.4,22.3,73,PG,8.0
Myles Turner: 2019,62.0,29.4,12.1,9.5,45.7,4.0,34.4,6.6,1.2,1.4,0.7,2.1,3.7,59.5,1.7,39.6,2.2,1.2,3.8,35.0,20.0,5.7,10.9,18.0,83,C,3.0
Norman Powell: 2019,52.0,28.4,16.0,11.5,49.5,5.3,39.9,3.7,1.8,1.5,1.2,0.4,5.5,60.0,0.8,39.5,0.0,5.4,4.0,44.0,26.0,9.5,5.9,21.0,75,SG,1.0
Pascal Siakam: 2019,60.0,35.2,22.9,18.4,45.3,6.1,35.9,7.3,3.5,2.5,1.0,0.9,9.8,54.1,2.6,31.4,3.9,10.0,3.2,36.1,30.6,16.1,9.8,27.8,81,PF,9.0
RJ Barrett: 2019,56.0,30.4,14.3,13.0,40.2,3.5,32.0,5.0,2.6,2.2,1.0,0.3,8.0,46.3,1.5,27.1,0.8,9.8,2.9,33.8,22.4,12.7,7.8,23.4,78,SG,6.0
Ricky Rubio: 2019,65.0,31.0,13.0,10.6,41.5,3.3,36.1,4.7,8.8,2.7,1.4,0.2,4.5,44.4,2.9,42.1,0.1,12.4,2.4,41.0,19.5,37.7,7.5,19.9,75,PG,4.0
Rudy Gay: 2019,67.0,21.8,10.8,8.9,44.6,3.3,33.6,5.4,1.7,1.3,0.5,0.5,3.3,54.5,2.3,47.1,1.6,3.4,2.8,30.8,22.9,11.6,11.7,21.1,80,PF,10.0
Rudy Gobert: 2019,68.0,34.3,15.1,8.2,69.3,0.0,0.0,13.5,1.5,1.9,0.8,2.0,8.2,68.3,0.0,0.0,0.7,0.5,0.0,0.0,21.3,6.5,19.5,16.2,85,C,1.0
Russell Westbrook: 2019,57.0,36.0,27.2,22.5,47.2,3.7,25.8,7.9,7.0,4.5,1.6,0.4,13.5,55.6,5.2,40.7,1.1,20.8,1.9,29.1,34.0,34.0,10.0,33.0,75,PG,5.0
Seth Curry: 2019,64.0,24.6,12.4,9.0,49.5,5.0,45.2,2.3,1.9,1.0,0.6,0.1,2.3,52.2,1.7,54.6,0.0,4.2,3.2,48.1,23.7,11.7,4.3,17.6,74,SG,1.0
Shai Gilgeous-Alexander: 2019,70.0,34.7,19.0,14.5,47.1,3.6,34.7,5.9,3.3,1.9,1.1,0.7,8.9,51.7,2.0,47.8,0.0,16.4,1.2,41.9,26.5,14.8,8.5,23.5,77,SG,9.0
Steven Adams: 2019,63.0,26.7,10.9,7.6,59.2,0.0,33.3,9.3,2.3,1.5,0.8,1.1,7.3,61.6,0.2,21.4,3.9,0.7,0.0,50.0,19.4,12.8,17.3,16.8,83,C,1.0
Trae Young: 2019,60.0,35.3,29.6,20.8,43.7,9.5,36.1,4.3,9.3,4.8,1.1,0.1,9.5,51.6,1.8,44.0,0.0,19.8,1.7,46.6,38.3,42.3,5.7,33.9,73,PG,5.0
Tyler Herro: 2019,55.0,27.4,13.5,11.5,42.8,5.4,38.9,4.1,2.2,1.6,0.6,0.2,3.0,53.3,3.0,39.4,0.1,5.7,3.0,44.2,23.5,13.1,7.2,21.3,77,SG,8.0
Anthony Davis: 2020,23.0,32.8,22.5,16.7,53.3,2.5,29.3,8.4,3.0,2.0,1.3,1.8,9.3,67.7,4.9,37.5,8.5,2.8,2.0,31.9,33.2,14.6,13.0,27.4,82,PF,11.0
Bam Adebayo: 2020,38.0,33.7,19.2,12.8,55.7,0.2,28.6,9.5,5.4,2.8,0.9,1.1,9.7,60.8,2.9,41.3,5.6,3.6,0.1,100.0,27.8,27.2,14.2,23.6,81,C,11.0
Ben Simmons: 2020,36.0,34.1,16.1,11.2,56.3,0.2,37.5,8.0,7.6,3.5,1.5,0.7,10.7,57.9,0.3,25.0,2.9,12.0,0.2,33.3,22.0,32.0,11.6,20.9,83,PG,4.0
Bradley Beal: 2020,39.0,35.7,31.8,22.9,48.8,6.5,33.3,5.1,4.6,3.3,1.3,0.4,10.2,57.8,6.1,49.6,0.4,15.0,3.2,37.3,40.6,22.3,7.0,33.7,75,SG,5.0
Carmelo Anthony: 2020,42.0,25.7,14.0,11.8,41.9,4.6,38.7,3.3,1.7,1.0,0.8,0.7,2.3,39.1,4.9,44.9,4.0,1.3,3.1,36.2,26.3,10.9,6.1,23.3,79,PF,6.0
Chuma Okeke: 2020,28.0,21.7,4.9,4.5,39.4,2.4,38.2,3.5,1.8,0.6,0.8,0.4,1.1,36.4,1.0,42.9,0.5,1.5,2.1,44.8,10.7,11.8,7.3,10.6,78,PF,10.0
De'Aaron Fox: 2020,43.0,34.7,24.1,18.4,47.5,5.5,33.2,3.4,7.3,3.2,1.3,0.4,10.1,58.4,2.8,36.7,0.1,18.2,1.5,44.6,32.7,33.1,4.8,29.5,75,PG,4.0
Donovan Mitchell: 2020,41.0,33.9,25.4,20.2,43.0,8.7,38.4,4.6,5.5,3.0,1.0,0.3,8.5,48.2,3.0,41.8,0.0,15.7,3.5,43.4,36.1,27.0,6.4,31.8,73,SG,5.0
Ja Morant: 2020,33.0,31.5,19.1,15.8,43.7,3.6,22.9,3.4,7.5,2.9,0.9,0.2,11.3,51.3,1.0,37.5,0.5,19.3,1.4,26.1,28.3,34.0,5.2,27.9,75,PG,7.0
Joe Harris: 2020,45.0,30.7,14.4,10.2,51.4,6.8,48.5,3.4,1.7,0.8,0.6,0.2,2.6,61.5,0.8,43.2,0.0,3.3,5.6,52.2,21.9,7.3,5.6,15.6,78,SF,1.0
Joel Embiid: 2020,31.0,32.6,29.9,18.0,52.5,2.9,42.2,11.5,3.3,3.2,1.2,1.4,9.4,57.4,5.7,50.8,13.4,3.7,2.2,39.1,43.2,16.8,17.6,34.0,84,C,11.0
John Wall: 2020,29.0,31.8,21.0,18.0,41.4,6.1,32.8,3.4,6.3,3.3,0.9,0.7,8.4,52.4,3.5,30.7,0.1,16.4,3.3,42.1,31.6,35.5,5.1,32.3,75,PG,4.0
Luka Doncic: 2020,39.0,35.2,28.6,20.9,48.2,8.0,36.7,8.3,9.1,4.3,1.0,0.6,10.1,57.4,2.8,47.7,1.1,22.1,1.3,34.0,39.4,43.4,11.7,35.1,79,PG,5.0
Michael Porter Jr: 2020,34.0,29.4,16.0,11.5,52.6,5.6,42.9,7.4,0.9,1.1,0.7,0.9,4.5,66.7,1.4,46.9,0.6,1.6,4.4,48.0,26.6,4.0,12.9,19.8,82,SF,8.0
Nikola Jokic: 2020,44.0,35.7,27.0,18.5,57.1,3.6,42.1,11.3,8.5,3.1,1.6,0.6,11.4,63.2,3.5,53.9,9.5,4.2,3.4,42.6,37.1,37.9,16.2,28.9,83,C,11.0
Nikola Vucevic: 2020,44.0,34.1,24.5,20.6,48.0,6.5,40.6,11.8,3.8,1.9,1.0,0.6,8.5,55.3,5.6,46.0,11.1,3.5,6.5,40.6,34.7,21.3,16.8,29.9,83,C,11.0
Stephen Curry: 2020,39.0,33.7,29.0,20.2,47.5,11.4,40.8,5.3,6.2,3.1,1.4,0.1,6.5,60.0,2.3,46.6,0.2,10.2,5.0,41.8,38.9,30.4,7.4,30.7,75,PG,5.0
Victor Oladipo: 2020,29.0,33.4,20.8,18.4,41.1,7.7,33.3,5.0,4.7,2.4,1.3,0.4,8.2,51.2,2.6,29.7,0.0,12.9,3.6,39.4,29.7,23.6,7.2,28.9,76,SG,6.0
Zion Williamson: 2020,41.0,32.7,25.7,15.9,62.1,0.5,35.0,7.0,3.4,2.5,0.9,0.7,15.2,63.2,0.2,25.0,5.1,11.2,0.4,40.0,37.0,17.1,10.8,27.6,79,PF,11.0
