Season,% FGA: 2P,% FGA: 0-3,% FGA: 3-10,% FGA: 10-16,% FGA: 16-3PT,% FGA: 3PT,FG%: 2P,FG%: 0-3,FG%: 3-10,FG%: 10-16,FG%: 16-3PT,FG%: 3PT,3PA / Game
2011-12,0.774,0.287,0.169,0.11,0.208,0.226,0.477,0.634,0.378,0.388,0.388,0.349,18.4
2012-13,0.757,0.293,0.164,0.107,0.193,0.243,0.483,0.631,0.381,0.395,0.393,0.359,20
2013-14,0.741,0.286,0.169,0.105,0.18,0.259,0.488,0.636,0.39,0.401,0.395,0.36,21.5
2014-15,0.732,0.288,0.165,0.103,0.175,0.268,0.485,0.628,0.383,0.403,0.394,0.35,22.4
2015-16,0.715,0.293,0.158,0.103,0.162,0.285,0.491,0.624,0.396,0.405,0.398,0.354,24.1
2016-17,0.684,0.29,0.152,0.099,0.142,0.316,0.503,0.631,0.414,0.412,0.403,0.358,27
2017-18,0.663,0.281,0.156,0.106,0.12,0.337,0.51,0.658,0.394,0.415,0.4,0.362,29
2018-19,0.641,0.292,0.162,0.096,0.092,0.359,0.52,0.658,0.4,0.413,0.401,0.355,32
2019-20,0.616,0.282,0.165,0.093,0.077,0.384,0.524,0.667,0.396,0.416,0.404,0.358,34.1
2020-21,0.606,0.257,0.182,0.095,0.073,0.394,0.529,0.67,0.428,0.432,0.407,0.367,34.8